0_0,0_1,0_2,0_3,0_4,0_5,0_6,0_7,0_8,0_9,0_10,0_11,0_12,1_0,1_1,1_2,1_3,1_4,1_5,1_6,1_7,1_8,1_9,1_10,1_11,1_12,2_0,2_1,2_2,2_3,2_4,2_5,2_6,2_7,2_8,2_9,2_10,2_11,2_12,3_0,3_1,3_2,3_3,3_4,3_5,3_6,3_7,3_8,3_9,3_10,3_11,3_12,4_0,4_1,4_2,4_3,4_4,4_5,4_6,4_7,4_8,4_9,4_10,4_11,4_12
0,0.1,0.1,0.1,0.1,0.1,0.1,0.1,0.1,0.1,0.1,0.1,0.1,0.1,0.1,0.1,0.1,0.1,0.1,0.1,0.1,0.1,0.1,0.1,0.1,0.1,0.1,0.1,0.1,0.1,0.1,0.1,0.1,0.5,0.1,0.1,0.1,0.1,0.1,0.1,0.1,0.1,0.1,0.1,0.1,0.1,0.1,0.1,0.1,0.1,0.1,0.1,0.1,0.1,0.1,0.1,0.1,0.1,0.1,0.1,0.1,0.1,0.1,0.1,0.1,0.1
1,0.1,0.1,0.1,0.1,0.1,0.11,0.1,0.1,0.1,0.1,0.1,0.1,0.1,0.1,0.1,0.1,0.1,0.1,0.1,0.12,0.1,0.1,0.1,0.1,0.1,0.1,0.1,0.1,0.1,0.1,0.1,0.12,0.4,0.12,0.1,0.1,0.1,0.1,0.1,0.1,0.1,0.1,0.1,0.1,0.1,0.14,0.1,0.1,0.1,0.1,0.1,0.1,0.1,0.1,0.1,0.1,0.1,0.1,0.1,0.1,0.1,0.1,0.1,0.1,0.1
2,0.1,0.1,0.1,0.1,0.1,0.11,0.11,0.1,0.1,0.1,0.1,0.1,0.1,0.1,0.1,0.1,0.1,0.1,0.1,0.13,0.1,0.1,0.1,0.1,0.1,0.1,0.1,0.1,0.1,0.1,0.1,0.12,0.33,0.14,0.11,0.1,0.1,0.1,0.1,0.1,0.1,0.1,0.1,0.1,0.12,0.14,0.1,0.1,0.11,0.1,0.1,0.1,0.1,0.1,0.1,0.1,0.1,0.1,0.1,0.1,0.1,0.1,0.1,0.1,0.1
3,0.1,0.1,0.1,0.1,0.1,0.11,0.11,0.1,0.1,0.1,0.1,0.1,0.1,0.1,0.1,0.1,0.1,0.1,0.11,0.12,0.11,0.11,0.1,0.1,0.1,0.1,0.1,0.1,0.1,0.1,0.1,0.13,0.31,0.14,0.1,0.1,0.1,0.1,0.1,0.1,0.1,0.1,0.1,0.1,0.13,0.13,0.1,0.11,0.1,0.1,0.1,0.1,0.1,0.1,0.1,0.1,0.1,0.1,0.1,0.1,0.1,0.1,0.1,0.1,0.1
4,0.1,0.1,0.1,0.1,0.11,0.1,0.11,0.1,0.1,0.1,0.1,0.1,0.1,0.1,0.1,0.1,0.1,0.1,0.12,0.12,0.11,0.1,0.1,0.1,0.1,0.1,0.1,0.1,0.1,0.1,0.11,0.13,0.28,0.14,0.1,0.1,0.1,0.1,0.1,0.1,0.1,0.1,0.1,0.1,0.13,0.15,0.1,0.11,0.1,0.1,0.1,0.1,0.1,0.1,0.1,0.1,0.1,0.1,0.1,0.1,0.1,0.1,0.1,0.1,0.1
5,0.1,0.1,0.1,0.1,0.1,0.1,0.11,0.1,0.1,0.1,0.1,0.1,0.1,0.1,0.1,0.1,0.1,0.1,0.12,0.12,0.12,0.1,0.1,0.1,0.1,0.1,0.11,0.1,0.1,0.1,0.11,0.14,0.27,0.15,0.1,0.1,0.1,0.1,0.1,0.1,0.1,0.1,0.1,0.1,0.13,0.15,0.1,0.11,0.1,0.1,0.1,0.11,0.1,0.1,0.1,0.1,0.1,0.1,0.1,0.1,0.1,0.1,0.1,0.1,0.1
6,0.1,0.1,0.1,0.1,0.1,0.1,0.11,0.1,0.11,0.1,0.1,0.1,0.1,0.1,0.1,0.1,0.1,0.11,0.13,0.13,0.13,0.1,0.1,0.1,0.1,0.1,0.11,0.11,0.1,0.1,0.11,0.14,0.24,0.14,0.1,0.1,0.1,0.1,0.1,0.1,0.1,0.1,0.1,0.1,0.14,0.15,0.1,0.11,0.1,0.1,0.1,0.11,0.1,0.1,0.1,0.11,0.1,0.1,0.1,0.1,0.1,0.1,0.1,0.1,0.1
7,0.1,0.1,0.1,0.1,0.1,0.1,0.11,0.11,0.11,0.1,0.1,0.1,0.1,0.1,0.1,0.1,0.1,0.11,0.13,0.13,0.12,0.1,0.1,0.1,0.1,0.1,0.11,0.11,0.1,0.1,0.11,0.15,0.19,0.17,0.1,0.1,0.1,0.11,0.1,0.11,0.1,0.1,0.1,0.11,0.14,0.14,0.11,0.11,0.1,0.1,0.1,0.11,0.1,0.1,0.11,0.1,0.1,0.1,0.1,0.1,0.1,0.1,0.1,0.1,0.1
8,0.1,0.1,0.09,0.1,0.1,0.1,0.11,0.11,0.11,0.1,0.1,0.1,0.1,0.1,0.1,0.1,0.1,0.11,0.13,0.13,0.12,0.1,0.1,0.1,0.1,0.1,0.11,0.1,0.11,0.1,0.11,0.15,0.18,0.15,0.11,0.1,0.1,0.11,0.1,0.11,0.1,0.1,0.1,0.11,0.13,0.14,0.12,0.11,0.1,0.1,0.1,0.11,0.1,0.1,0.11,0.1,0.1,0.11,0.1,0.11,0.1,0.1,0.1,0.1,0.1
9,0.1,0.1,0.1,0.1,0.1,0.1,0.11,0.11,0.11,0.1,0.1,0.1,0.1,0.1,0.1,0.09,0.1,0.11,0.13,0.13,0.13,0.11,0.1,0.1,0.1,0.1,0.11,0.1,0.11,0.11,0.11,0.14,0.16,0.15,0.11,0.1,0.1,0.11,0.1,0.11,0.1,0.1,0.1,0.11,0.13,0.14,0.12,0.11,0.1,0.1,0.1,0.11,0.1,0.11,0.1,0.1,0.1,0.11,0.1,0.11,0.1,0.1,0.1,0.1,0.1
10,0.1,0.1,0.1,0.1,0.1,0.1,0.11,0.11,0.11,0.1,0.1,0.1,0.1,0.1,0.1,0.09,0.1,0.11,0.13,0.13,0.13,0.11,0.1,0.1,0.1,0.1,0.11,0.1,0.11,0.11,0.11,0.14,0.16,0.15,0.11,0.1,0.1,0.11,0.1,0.11,0.1,0.1,0.1,0.11,0.13,0.14,0.12,0.11,0.09,0.1,0.11,0.1,0.1,0.11,0.1,0.1,0.1,0.1,0.11,0.11,0.1,0.1,0.1,0.1,0.1
11,0.1,0.09,0.1,0.1,0.1,0.1,0.11,0.11,0.11,0.1,0.1,0.1,0.1,0.1,0.1,0.09,0.1,0.11,0.14,0.13,0.13,0.11,0.1,0.1,0.1,0.1,0.11,0.1,0.11,0.1,0.11,0.14,0.16,0.14,0.12,0.1,0.1,0.11,0.1,0.11,0.1,0.1,0.11,0.11,0.13,0.13,0.12,0.11,0.09,0.1,0.12,0.1,0.1,0.11,0.1,0.1,0.1,0.11,0.11,0.11,0.1,0.1,0.1,0.1,0.1
12,0.1,0.09,0.1,0.1,0.1,0.11,0.11,0.11,0.11,0.1,0.1,0.1,0.1,0.1,0.1,0.09,0.11,0.11,0.12,0.13,0.13,0.11,0.1,0.1,0.1,0.1,0.1,0.11,0.11,0.1,0.12,0.13,0.15,0.14,0.12,0.1,0.1,0.11,0.1,0.11,0.1,0.1,0.11,0.11,0.12,0.14,0.12,0.11,0.09,0.1,0.12,0.1,0.1,0.11,0.1,0.1,0.1,0.11,0.12,0.11,0.1,0.1,0.09,0.1,0.1
13,0.1,0.09,0.1,0.1,0.1,0.11,0.11,0.11,0.11,0.1,0.1,0.1,0.09,0.1,0.1,0.09,0.11,0.11,0.12,0.13,0.13,0.11,0.1,0.1,0.1,0.1,0.1,0.11,0.1,0.11,0.12,0.14,0.14,0.13,0.12,0.1,0.1,0.11,0.1,0.11,0.1,0.1,0.11,0.11,0.12,0.14,0.12,0.12,0.1,0.1,0.11,0.11,0.1,0.11,0.1,0.1,0.1,0.11,0.13,0.11,0.1,0.1,0.09,0.1,0.1
14,0.1,0.09,0.1,0.1,0.1,0.11,0.11,0.11,0.11,0.1,0.1,0.1,0.09,0.1,0.1,0.09,0.11,0.11,0.12,0.13,0.13,0.11,0.1,0.1,0.1,0.1,0.1,0.11,0.1,0.11,0.12,0.14,0.14,0.13,0.12,0.1,0.1,0.11,0.1,0.1,0.11,0.1,0.11,0.11,0.12,0.13,0.13,0.12,0.1,0.1,0.11,0.11,0.1,0.11,0.1,0.1,0.1,0.11,0.13,0.11,0.1,0.1,0.09,0.1,0.1
15,0.1,0.09,0.1,0.1,0.1,0.11,0.11,0.11,0.11,0.1,0.1,0.1,0.09,0.1,0.1,0.09,0.11,0.11,0.12,0.13,0.13,0.11,0.1,0.1,0.1,0.1,0.1,0.11,0.1,0.11,0.12,0.14,0.14,0.13,0.12,0.1,0.1,0.11,0.1,0.1,0.11,0.1,0.11,0.11,0.12,0.13,0.13,0.12,0.1,0.1,0.11,0.12,0.1,0.11,0.1,0.1,0.1,0.11,0.13,0.12,0.1,0.11,0.09,0.1,0.1
16,0.1,0.09,0.1,0.1,0.1,0.11,0.11,0.11,0.11,0.1,0.1,0.1,0.09,0.1,0.1,0.09,0.11,0.11,0.14,0.13,0.13,0.11,0.1,0.1,0.1,0.09,0.1,0.11,0.1,0.11,0.12,0.13,0.14,0.13,0.12,0.1,0.1,0.11,0.1,0.1,0.11,0.1,0.11,0.11,0.12,0.13,0.12,0.12,0.1,0.1,0.12,0.11,0.1,0.1,0.11,0.1,0.1,0.11,0.13,0.13,0.1,0.11,0.09,0.1,0.1
17,0.1,0.09,0.1,0.1,0.1,0.11,0.12,0.12,0.11,0.1,0.1,0.1,0.09,0.1,0.1,0.1,0.11,0.11,0.14,0.12,0.12,0.12,0.1,0.1,0.1,0.09,0.1,0.11,0.09,0.11,0.12,0.13,0.14,0.13,0.12,0.1,0.1,0.11,0.1,0.1,0.11,0.1,0.11,0.1,0.12,0.13,0.12,0.11,0.1,0.11,0.11,0.11,0.1,0.1,0.11,0.1,0.11,0.11,0.13,0.13,0.11,0.11,0.09,0.1,0.1
18,0.1,0.09,0.1,0.1,0.1,0.11,0.12,0.12,0.11,0.1,0.1,0.1,0.09,0.1,0.11,0.1,0.11,0.11,0.14,0.12,0.12,0.12,0.1,0.1,0.1,0.09,0.1,0.1,0.09,0.11,0.12,0.13,0.13,0.14,0.12,0.1,0.1,0.11,0.1,0.1,0.1,0.11,0.11,0.1,0.12,0.13,0.12,0.11,0.1,0.11,0.11,0.11,0.1,0.11,0.1,0.1,0.11,0.11,0.13,0.13,0.11,0.11,0.09,0.1,0.1
19,0.1,0.09,0.1,0.1,0.1,0.11,0.12,0.12,0.11,0.1,0.1,0.1,0.09,0.1,0.11,0.1,0.11,0.11,0.14,0.12,0.12,0.12,0.1,0.1,0.1,0.09,0.1,0.1,0.09,0.11,0.11,0.13,0.13,0.14,0.12,0.11,0.1,0.11,0.1,0.1,0.1,0.11,0.11,0.11,0.12,0.13,0.12,0.11,0.1,0.11,0.11,0.11,0.1,0.11,0.1,0.1,0.11,0.11,0.13,0.13,0.11,0.11,0.09,0.1,0.1
20,0.1,0.09,0.1,0.1,0.11,0.11,0.12,0.12,0.11,0.1,0.1,0.1,0.09,0.1,0.11,0.11,0.11,0.1,0.13,0.12,0.12,0.12,0.1,0.11,0.1,0.09,0.1,0.1,0.09,0.11,0.13,0.12,0.13,0.14,0.12,0.11,0.11,0.1,0.1,0.1,0.1,0.11,0.11,0.11,0.12,0.14,0.12,0.11,0.11,0.11,0.11,0.11,0.11,0.1,0.1,0.1,0.11,0.11,0.13,0.13,0.11,0.1,0.09,0.11,0.1
21,0.1,0.09,0.1,0.1,0.12,0.11,0.12,0.11,0.12,0.1,0.1,0.1,0.09,0.1,0.11,0.11,0.11,0.11,0.12,0.12,0.12,0.12,0.1,0.11,0.1,0.09,0.11,0.11,0.09,0.11,0.12,0.13,0.13,0.14,0.12,0.11,0.11,0.1,0.1,0.1,0.1,0.11,0.11,0.12,0.12,0.14,0.12,0.11,0.11,0.11,0.11,0.11,0.1,0.11,0.1,0.1,0.11,0.11,0.13,0.13,0.11,0.1,0.09,0.11,0.1
22,0.1,0.09,0.1,0.1,0.12,0.11,0.12,0.11,0.12,0.1,0.1,0.1,0.09,0.1,0.11,0.11,0.11,0.11,0.12,0.12,0.12,0.12,0.1,0.11,0.1,0.09,0.11,0.11,0.1,0.1,0.12,0.13,0.13,0.13,0.12,0.11,0.11,0.1,0.1,0.1,0.1,0.11,0.11,0.12,0.12,0.13,0.13,0.11,0.11,0.11,0.11,0.1,0.1,0.11,0.1,0.1,0.11,0.11,0.14,0.13,0.11,0.1,0.09,0.11,0.11
23,0.11,0.1,0.1,0.1,0.12,0.12,0.12,0.11,0.12,0.1,0.1,0.1,0.09,0.1,0.11,0.11,0.11,0.11,0.11,0.12,0.12,0.12,0.11,0.11,0.1,0.09,0.1,0.11,0.1,0.1,0.12,0.13,0.13,0.13,0.12,0.1,0.11,0.1,0.1,0.1,0.11,0.1,0.11,0.12,0.12,0.13,0.13,0.11,0.11,0.11,0.11,0.1,0.1,0.1,0.11,0.1,0.11,0.11,0.14,0.13,0.11,0.1,0.09,0.11,0.11
24,0.11,0.1,0.11,0.1,0.11,0.12,0.12,0.11,0.12,0.11,0.1,0.1,0.09,0.1,0.11,0.11,0.11,0.11,0.11,0.13,0.12,0.12,0.11,0.11,0.1,0.09,0.1,0.11,0.1,0.1,0.13,0.12,0.12,0.13,0.12,0.1,0.11,0.1,0.1,0.1,0.11,0.1,0.11,0.12,0.13,0.13,0.13,0.11,0.11,0.11,0.11,0.11,0.1,0.1,0.11,0.1,0.11,0.12,0.13,0.13,0.11,0.1,0.09,0.11,0.1
25,0.11,0.11,0.1,0.11,0.11,0.12,0.12,0.11,0.12,0.11,0.1,0.1,0.09,0.11,0.11,0.11,0.1,0.11,0.11,0.13,0.12,0.12,0.11,0.11,0.1,0.09,0.09,0.11,0.1,0.1,0.12,0.12,0.12,0.13,0.12,0.1,0.11,0.1,0.1,0.1,0.11,0.1,0.12,0.12,0.13,0.13,0.12,0.12,0.11,0.11,0.11,0.11,0.1,0.1,0.11,0.1,0.12,0.12,0.12,0.13,0.11,0.1,0.1,0.1,0.1
26,0.11,0.11,0.1,0.1,0.12,0.12,0.12,0.11,0.12,0.11,0.1,0.11,0.09,0.11,0.11,0.11,0.11,0.11,0.11,0.13,0.12,0.12,0.1,0.11,0.1,0.09,0.09,0.11,0.1,0.1,0.12,0.12,0.12,0.13,0.12,0.11,0.11,0.1,0.1,0.1,0.1,0.11,0.12,0.13,0.13,0.13,0.12,0.12,0.11,0.11,0.11,0.11,0.1,0.1,0.11,0.1,0.12,0.12,0.13,0.12,0.11,0.1,0.1,0.1,0.1
27,0.11,0.11,0.1,0.1,0.12,0.12,0.12,0.11,0.12,0.11,0.1,0.11,0.09,0.11,0.11,0.11,0.11,0.11,0.11,0.13,0.12,0.12,0.11,0.1,0.1,0.09,0.09,0.1,0.1,0.1,0.12,0.12,0.12,0.13,0.12,0.11,0.11,0.1,0.1,0.1,0.11,0.11,0.12,0.13,0.13,0.13,0.12,0.12,0.11,0.12,0.11,0.11,0.1,0.11,0.1,0.1,0.12,0.12,0.13,0.12,0.12,0.1,0.1,0.1,0.1
28,0.12,0.11,0.1,0.1,0.12,0.12,0.12,0.11,0.12,0.11,0.1,0.11,0.09,0.11,0.11,0.11,0.11,0.11,0.11,0.13,0.12,0.12,0.11,0.1,0.1,0.09,0.09,0.1,0.1,0.1,0.13,0.12,0.12,0.13,0.12,0.11,0.11,0.1,0.1,0.1,0.11,0.11,0.12,0.12,0.13,0.13,0.12,0.12,0.11,0.12,0.11,0.11,0.1,0.11,0.1,0.1,0.12,0.13,0.13,0.12,0.12,0.1,0.1,0.1,0.1
29,0.12,0.11,0.1,0.1,0.12,0.12,0.12,0.11,0.12,0.11,0.11,0.11,0.09,0.11,0.11,0.11,0.11,0.11,0.11,0.13,0.12,0.12,0.11,0.1,0.1,0.09,0.09,0.11,0.1,0.1,0.13,0.12,0.12,0.13,0.12,0.11,0.1,0.1,0.1,0.1,0.11,0.11,0.11,0.12,0.13,0.13,0.12,0.12,0.11,0.12,0.11,0.11,0.1,0.11,0.11,0.11,0.12,0.13,0.13,0.12,0.11,0.11,0.11,0.1,0.1
30,0.12,0.11,0.1,0.11,0.12,0.11,0.12,0.11,0.12,0.11,0.11,0.1,0.09,0.11,0.11,0.11,0.11,0.11,0.12,0.13,0.12,0.12,0.11,0.1,0.11,0.09,0.09,0.11,0.1,0.11,0.12,0.12,0.12,0.12,0.12,0.11,0.1,0.1,0.1,0.1,0.11,0.11,0.11,0.12,0.13,0.13,0.13,0.12,0.11,0.12,0.11,0.11,0.1,0.11,0.11,0.11,0.12,0.13,0.13,0.12,0.11,0.11,0.11,0.1,0.1
31,0.11,0.12,0.1,0.11,0.12,0.11,0.12,0.11,0.12,0.11,0.12,0.1,0.09,0.11,0.11,0.11,0.11,0.11,0.12,0.13,0.12,0.12,0.11,0.1,0.11,0.09,0.09,0.11,0.1,0.11,0.12,0.12,0.12,0.12,0.12,0.11,0.1,0.1,0.1,0.1,0.11,0.11,0.12,0.12,0.13,0.13,0.13,0.12,0.11,0.11,0.12,0.11,0.1,0.11,0.11,0.11,0.12,0.13,0.13,0.12,0.11,0.11,0.11,0.1,0.1
32,0.11,0.12,0.1,0.11,0.12,0.11,0.12,0.11,0.12,0.11,0.12,0.1,0.09,0.11,0.11,0.11,0.12,0.11,0.12,0.13,0.12,0.12,0.11,0.1,0.12,0.09,0.09,0.11,0.1,0.11,0.12,0.12,0.12,0.12,0.12,0.11,0.1,0.1,0.11,0.1,0.11,0.11,0.12,0.12,0.13,0.13,0.13,0.12,0.11,0.11,0.12,0.1,0.1,0.11,0.11,0.11,0.12,0.13,0.13,0.12,0.11,0.11,0.11,0.1,0.1
33,0.11,0.12,0.1,0.11,0.12,0.11,0.12,0.11,0.12,0.11,0.12,0.1,0.09,0.11,0.11,0.11,0.12,0.12,0.11,0.13,0.12,0.12,0.11,0.1,0.11,0.09,0.1,0.1,0.1,0.11,0.12,0.12,0.13,0.12,0.12,0.11,0.1,0.1,0.11,0.1,0.11,0.12,0.12,0.12,0.13,0.12,0.12,0.13,0.11,0.11,0.12,0.1,0.1,0.11,0.11,0.11,0.12,0.13,0.13,0.12,0.11,0.11,0.11,0.1,0.1
34,0.11,0.12,0.1,0.11,0.12,0.11,0.12,0.11,0.12,0.11,0.12,0.1,0.09,0.11,0.11,0.11,0.12,0.12,0.11,0.13,0.12,0.12,0.11,0.1,0.1,0.1,0.1,0.1,0.1,0.11,0.12,0.12,0.13,0.12,0.12,0.11,0.1,0.1,0.11,0.1,0.11,0.12,0.13,0.12,0.13,0.12,0.11,0.14,0.11,0.11,0.12,0.1,0.1,0.11,0.11,0.11,0.12,0.13,0.12,0.12,0.12,0.11,0.11,0.1,0.1
35,0.11,0.11,0.11,0.11,0.13,0.11,0.13,0.11,0.12,0.11,0.11,0.11,0.09,0.11,0.11,0.11,0.12,0.12,0.11,0.13,0.12,0.12,0.11,0.1,0.1,0.1,0.1,0.1,0.1,0.11,0.12,0.12,0.12,0.13,0.12,0.11,0.1,0.1,0.11,0.1,0.11,0.12,0.13,0.12,0.13,0.12,0.11,0.13,0.11,0.11,0.11,0.11,0.1,0.11,0.11,0.11,0.13,0.13,0.12,0.12,0.13,0.11,0.11,0.1,0.1
36,0.11,0.11,0.11,0.11,0.13,0.11,0.13,0.11,0.12,0.11,0.11,0.11,0.09,0.11,0.11,0.11,0.12,0.12,0.11,0.13,0.13,0.12,0.12,0.1,0.1,0.1,0.1,0.1,0.11,0.1,0.12,0.12,0.12,0.12,0.12,0.11,0.1,0.1,0.11,0.1,0.11,0.12,0.13,0.12,0.13,0.12,0.12,0.13,0.11,0.11,0.11,0.11,0.1,0.11,0.11,0.11,0.13,0.13,0.12,0.12,0.13,0.11,0.11,0.1,0.1
37,0.11,0.11,0.11,0.11,0.13,0.11,0.13,0.11,0.12,0.11,0.11,0.11,0.09,0.11,0.11,0.11,0.12,0.12,0.11,0.13,0.13,0.12,0.12,0.1,0.1,0.11,0.1,0.1,0.12,0.11,0.12,0.12,0.12,0.12,0.12,0.11,0.1,0.1,0.1,0.1,0.11,0.12,0.12,0.13,0.13,0.12,0.12,0.13,0.11,0.11,0.11,0.11,0.1,0.11,0.11,0.11,0.12,0.13,0.12,0.12,0.13,0.11,0.11,0.1,0.1
38,0.11,0.11,0.11,0.12,0.13,0.11,0.13,0.11,0.12,0.11,0.11,0.11,0.09,0.11,0.11,0.11,0.11,0.12,0.11,0.13,0.13,0.12,0.11,0.11,0.1,0.11,0.1,0.1,0.12,0.11,0.12,0.12,0.12,0.12,0.12,0.11,0.1,0.1,0.11,0.1,0.11,0.12,0.12,0.13,0.13,0.12,0.12,0.13,0.11,0.11,0.11,0.1,0.1,0.11,0.11,0.12,0.11,0.13,0.12,0.12,0.13,0.11,0.11,0.1,0.1
39,0.11,0.11,0.11,0.12,0.13,0.11,0.12,0.12,0.12,0.11,0.11,0.11,0.09,0.11,0.11,0.11,0.11,0.12,0.11,0.13,0.13,0.12,0.11,0.12,0.1,0.11,0.1,0.1,0.12,0.13,0.12,0.13,0.12,0.12,0.12,0.11,0.1,0.11,0.11,0.11,0.11,0.12,0.12,0.12,0.12,0.12,0.12,0.13,0.11,0.12,0.1,0.1,0.11,0.11,0.11,0.12,0.11,0.13,0.12,0.12,0.13,0.11,0.11,0.1,0.1
40,0.11,0.11,0.11,0.12,0.13,0.12,0.11,0.12,0.12,0.11,0.11,0.11,0.09,0.1,0.1,0.11,0.11,0.12,0.11,0.13,0.13,0.12,0.12,0.11,0.1,0.11,0.11,0.11,0.12,0.13,0.13,0.12,0.12,0.12,0.12,0.11,0.1,0.11,0.11,0.11,0.11,0.12,0.12,0.12,0.12,0.12,0.12,0.13,0.11,0.12,0.1,0.1,0.11,0.11,0.11,0.12,0.11,0.13,0.12,0.12,0.13,0.11,0.11,0.11,0.1
41,0.11,0.11,0.11,0.12,0.13,0.12,0.11,0.12,0.12,0.12,0.11,0.11,0.09,0.1,0.11,0.1,0.11,0.12,0.11,0.13,0.13,0.12,0.12,0.11,0.1,0.11,0.12,0.12,0.11,0.13,0.13,0.12,0.12,0.12,0.12,0.11,0.1,0.11,0.11,0.13,0.11,0.12,0.12,0.12,0.12,0.12,0.12,0.13,0.11,0.12,0.1,0.1,0.11,0.11,0.11,0.12,0.11,0.13,0.12,0.12,0.13,0.11,0.11,0.1,0.11
42,0.11,0.11,0.11,0.12,0.12,0.12,0.11,0.12,0.12,0.12,0.11,0.11,0.09,0.1,0.11,0.1,0.12,0.13,0.11,0.13,0.12,0.13,0.12,0.11,0.1,0.11,0.12,0.12,0.11,0.12,0.13,0.12,0.12,0.12,0.12,0.11,0.11,0.11,0.1,0.12,0.12,0.12,0.12,0.11,0.13,0.12,0.12,0.13,0.11,0.12,0.11,0.11,0.11,0.11,0.11,0.12,0.12,0.13,0.12,0.12,0.13,0.11,0.11,0.1,0.1
43,0.11,0.11,0.11,0.12,0.12,0.12,0.11,0.12,0.12,0.12,0.11,0.11,0.09,0.1,0.11,0.11,0.11,0.13,0.12,0.12,0.12,0.13,0.12,0.11,0.11,0.1,0.12,0.12,0.11,0.12,0.13,0.12,0.12,0.12,0.12,0.11,0.11,0.12,0.1,0.12,0.12,0.11,0.12,0.12,0.13,0.12,0.12,0.13,0.11,0.12,0.11,0.11,0.11,0.11,0.11,0.12,0.12,0.13,0.12,0.12,0.13,0.11,0.11,0.1,0.1
44,0.11,0.11,0.11,0.12,0.12,0.12,0.11,0.12,0.12,0.12,0.11,0.11,0.09,0.09,0.11,0.11,0.11,0.13,0.12,0.13,0.12,0.13,0.12,0.11,0.11,0.1,0.12,0.12,0.11,0.12,0.13,0.12,0.12,0.12,0.12,0.11,0.12,0.11,0.1,0.12,0.12,0.11,0.12,0.12,0.13,0.12,0.12,0.13,0.11,0.12,0.11,0.11,0.11,0.11,0.11,0.12,0.13,0.13,0.12,0.12,0.13,0.11,0.11,0.11,0.1
45,0.11,0.11,0.11,0.12,0.12,0.12,0.11,0.12,0.12,0.12,0.11,0.11,0.1,0.09,0.11,0.12,0.11,0.13,0.12,0.13,0.12,0.13,0.12,0.11,0.11,0.1,0.12,0.12,0.11,0.12,0.13,0.13,0.12,0.12,0.12,0.12,0.12,0.11,0.1,0.11,0.12,0.12,0.12,0.12,0.12,0.12,0.12,0.12,0.11,0.12,0.11,0.11,0.11,0.11,0.11,0.12,0.13,0.13,0.12,0.12,0.13,0.11,0.11,0.11,0.1
46,0.1,0.11,0.11,0.12,0.12,0.12,0.11,0.12,0.12,0.12,0.11,0.11,0.1,0.1,0.11,0.12,0.11,0.14,0.12,0.13,0.12,0.13,0.12,0.11,0.11,0.1,0.12,0.12,0.11,0.12,0.13,0.12,0.12,0.12,0.12,0.12,0.12,0.11,0.1,0.11,0.12,0.12,0.12,0.12,0.13,0.12,0.12,0.12,0.11,0.13,0.11,0.1,0.11,0.11,0.11,0.12,0.13,0.13,0.12,0.12,0.13,0.11,0.11,0.11,0.11
47,0.1,0.11,0.11,0.12,0.12,0.12,0.12,0.11,0.12,0.12,0.11,0.11,0.1,0.11,0.11,0.12,0.11,0.14,0.13,0.13,0.12,0.13,0.12,0.11,0.11,0.1,0.11,0.12,0.11,0.12,0.13,0.12,0.12,0.12,0.12,0.12,0.12,0.11,0.1,0.11,0.12,0.12,0.12,0.12,0.13,0.12,0.12,0.12,0.11,0.12,0.11,0.1,0.11,0.11,0.11,0.12,0.13,0.13,0.12,0.12,0.13,0.11,0.12,0.11,0.11
48,0.1,0.11,0.11,0.12,0.12,0.12,0.12,0.11,0.12,0.11,0.11,0.11,0.1,0.11,0.11,0.11,0.11,0.13,0.13,0.13,0.12,0.13,0.12,0.11,0.12,0.1,0.12,0.11,0.12,0.12,0.14,0.12,0.12,0.12,0.12,0.12,0.11,0.11,0.11,0.11,0.12,0.12,0.12,0.13,0.13,0.12,0.12,0.13,0.11,0.12,0.11,0.1,0.11,0.11,0.11,0.12,0.11,0.13,0.12,0.13,0.12,0.11,0.12,0.11,0.11
49,0.1,0.11,0.11,0.12,0.12,0.12,0.12,0.11,0.12,0.11,0.11,0.11,0.1,0.12,0.11,0.11,0.11,0.13,0.13,0.13,0.12,0.13,0.12,0.11,0.12,0.1,0.12,0.11,0.12,0.12,0.14,0.13,0.12,0.12,0.12,0.12,0.11,0.11,0.11,0.11,0.12,0.12,0.11,0.13,0.13,0.12,0.12,0.13,0.11,0.12,0.11,0.1,0.11,0.11,0.12,0.12,0.11,0.13,0.12,0.13,0.12,0.11,0.12,0.11,0.11
50,0.1,0.11,0.11,0.12,0.12,0.12,0.12,0.11,0.12,0.11,0.11,0.11,0.1,0.12,0.11,0.11,0.11,0.13,0.13,0.13,0.12,0.13,0.12,0.11,0.12,0.1,0.11,0.11,0.12,0.12,0.13,0.13,0.12,0.12,0.12,0.13,0.11,0.12,0.11,0.12,0.12,0.12,0.11,0.13,0.13,0.12,0.12,0.13,0.11,0.12,0.11,0.1,0.11,0.11,0.12,0.12,0.12,0.13,0.12,0.13,0.12,0.11,0.12,0.11,0.11
51,0.1,0.11,0.11,0.12,0.12,0.12,0.12,0.12,0.12,0.11,0.12,0.11,0.1,0.12,0.11,0.11,0.12,0.13,0.13,0.12,0.12,0.13,0.11,0.11,0.12,0.1,0.11,0.11,0.12,0.11,0.14,0.13,0.12,0.12,0.12,0.13,0.11,0.12,0.1,0.12,0.12,0.12,0.12,0.13,0.13,0.12,0.13,0.12,0.11,0.12,0.11,0.11,0.11,0.11,0.13,0.11,0.12,0.13,0.12,0.12,0.12,0.12,0.11,0.11,0.11
52,0.11,0.1,0.11,0.12,0.13,0.12,0.12,0.12,0.12,0.11,0.12,0.11,0.1,0.12,0.11,0.11,0.12,0.13,0.13,0.13,0.12,0.12,0.11,0.11,0.12,0.1,0.11,0.11,0.12,0.11,0.14,0.13,0.12,0.12,0.13,0.13,0.11,0.12,0.1,0.12,0.12,0.12,0.12,0.13,0.13,0.12,0.13,0.12,0.11,0.12,0.11,0.11,0.11,0.11,0.13,0.11,0.12,0.13,0.12,0.12,0.12,0.12,0.11,0.11,0.11
53,0.11,0.1,0.11,0.12,0.13,0.12,0.13,0.12,0.12,0.11,0.11,0.13,0.1,0.12,0.11,0.11,0.12,0.13,0.13,0.12,0.12,0.12,0.11,0.11,0.12,0.1,0.11,0.11,0.11,0.12,0.14,0.13,0.12,0.13,0.13,0.13,0.11,0.12,0.1,0.12,0.12,0.12,0.12,0.13,0.13,0.12,0.12,0.12,0.11,0.12,0.11,0.11,0.11,0.12,0.12,0.11,0.12,0.13,0.12,0.12,0.12,0.12,0.11,0.11,0.11
54,0.11,0.1,0.11,0.12,0.13,0.12,0.13,0.12,0.12,0.11,0.11,0.13,0.1,0.12,0.11,0.11,0.12,0.13,0.13,0.12,0.12,0.13,0.11,0.11,0.12,0.1,0.11,0.11,0.11,0.12,0.14,0.13,0.12,0.13,0.13,0.13,0.11,0.12,0.1,0.12,0.13,0.12,0.12,0.13,0.13,0.12,0.12,0.12,0.11,0.11,0.11,0.11,0.11,0.12,0.11,0.12,0.12,0.13,0.12,0.12,0.12,0.12,0.12,0.11,0.11
55,0.11,0.11,0.1,0.12,0.13,0.12,0.12,0.12,0.12,0.11,0.11,0.12,0.1,0.12,0.11,0.12,0.11,0.13,0.13,0.13,0.12,0.13,0.11,0.11,0.12,0.11,0.11,0.11,0.11,0.12,0.14,0.13,0.12,0.13,0.13,0.12,0.12,0.12,0.11,0.12,0.13,0.12,0.12,0.13,0.13,0.12,0.12,0.12,0.11,0.11,0.11,0.1,0.11,0.12,0.11,0.12,0.12,0.13,0.12,0.12,0.12,0.12,0.12,0.11,0.11
56,0.11,0.11,0.1,0.12,0.13,0.12,0.12,0.12,0.12,0.11,0.11,0.12,0.1,0.12,0.11,0.12,0.12,0.13,0.13,0.13,0.12,0.13,0.11,0.11,0.12,0.11,0.11,0.11,0.11,0.11,0.13,0.14,0.12,0.13,0.13,0.12,0.12,0.12,0.11,0.12,0.12,0.12,0.12,0.13,0.13,0.12,0.12,0.12,0.11,0.11,0.11,0.1,0.11,0.12,0.11,0.12,0.12,0.13,0.12,0.12,0.12,0.12,0.12,0.11,0.11
57,0.11,0.11,0.1,0.12,0.13,0.12,0.13,0.12,0.12,0.11,0.11,0.12,0.1,0.11,0.12,0.12,0.11,0.13,0.13,0.13,0.12,0.13,0.11,0.11,0.12,0.11,0.11,0.11,0.11,0.12,0.13,0.14,0.12,0.13,0.12,0.13,0.12,0.11,0.12,0.12,0.12,0.12,0.12,0.13,0.13,0.12,0.12,0.13,0.11,0.11,0.11,0.1,0.11,0.12,0.11,0.12,0.12,0.13,0.12,0.12,0.12,0.12,0.12,0.11,0.11
58,0.11,0.1,0.11,0.12,0.13,0.12,0.13,0.12,0.12,0.11,0.11,0.12,0.1,0.11,0.12,0.11,0.11,0.13,0.13,0.13,0.12,0.13,0.11,0.11,0.12,0.11,0.11,0.11,0.12,0.12,0.13,0.14,0.12,0.13,0.12,0.13,0.11,0.12,0.12,0.12,0.12,0.12,0.12,0.13,0.14,0.12,0.12,0.12,0.12,0.11,0.11,0.1,0.11,0.12,0.11,0.12,0.13,0.13,0.12,0.12,0.12,0.12,0.12,0.11,0.11
59,0.11,0.1,0.11,0.12,0.13,0.12,0.13,0.12,0.13,0.11,0.11,0.11,0.1,0.11,0.11,0.12,0.11,0.12,0.13,0.13,0.12,0.12,0.11,0.11,0.13,0.11,0.11,0.12,0.11,0.12,0.13,0.14,0.12,0.13,0.12,0.13,0.11,0.12,0.12,0.12,0.12,0.12,0.12,0.13,0.14,0.12,0.12,0.12,0.12,0.11,0.11,0.1,0.11,0.12,0.11,0.12,0.13,0.13,0.12,0.12,0.12,0.12,0.12,0.11,0.11
60,0.11,0.1,0.11,0.12,0.13,0.12,0.13,0.12,0.13,0.11,0.11,0.11,0.11,0.11,0.11,0.12,0.11,0.12,0.13,0.14,0.12,0.12,0.11,0.11,0.13,0.11,0.11,0.12,0.11,0.12,0.12,0.14,0.12,0.13,0.13,0.12,0.11,0.12,0.12,0.12,0.12,0.11,0.12,0.13,0.14,0.12,0.12,0.12,0.12,0.11,0.11,0.1,0.11,0.12,0.12,0.12,0.13,0.13,0.12,0.12,0.12,0.12,0.12,0.11,0.11
61,0.11,0.1,0.11,0.12,0.13,0.12,0.13,0.12,0.13,0.11,0.11,0.11,0.11,0.11,0.11,0.12,0.11,0.12,0.13,0.14,0.12,0.12,0.11,0.12,0.13,0.11,0.11,0.11,0.12,0.12,0.13,0.12,0.13,0.13,0.13,0.12,0.11,0.12,0.12,0.12,0.12,0.11,0.12,0.13,0.13,0.12,0.13,0.12,0.12,0.11,0.11,0.1,0.11,0.12,0.12,0.12,0.13,0.13,0.12,0.12,0.12,0.12,0.12,0.11,0.11
62,0.11,0.1,0.11,0.12,0.13,0.12,0.14,0.12,0.13,0.11,0.11,0.11,0.11,0.11,0.11,0.12,0.11,0.13,0.12,0.12,0.13,0.12,0.11,0.12,0.13,0.11,0.11,0.11,0.12,0.12,0.13,0.12,0.13,0.13,0.13,0.12,0.11,0.12,0.12,0.12,0.12,0.11,0.12,0.13,0.13,0.12,0.13,0.12,0.12,0.12,0.12,0.1,0.12,0.12,0.12,0.12,0.13,0.13,0.12,0.12,0.12,0.12,0.11,0.11,0.1
63,0.11,0.1,0.11,0.12,0.13,0.12,0.14,0.13,0.13,0.11,0.11,0.11,0.11,0.11,0.11,0.12,0.11,0.13,0.12,0.12,0.14,0.12,0.11,0.13,0.13,0.11,0.11,0.11,0.12,0.12,0.13,0.12,0.13,0.13,0.13,0.12,0.11,0.12,0.12,0.12,0.12,0.11,0.13,0.12,0.12,0.12,0.13,0.12,0.12,0.12,0.12,0.1,0.12,0.12,0.12,0.12,0.13,0.12,0.13,0.12,0.12,0.12,0.11,0.11,0.1
64,0.11,0.1,0.11,0.12,0.13,0.13,0.13,0.13,0.13,0.11,0.12,0.11,0.11,0.11,0.11,0.12,0.11,0.13,0.12,0.12,0.14,0.12,0.12,0.12,0.13,0.11,0.11,0.11,0.12,0.13,0.13,0.12,0.13,0.13,0.13,0.12,0.11,0.12,0.12,0.12,0.12,0.11,0.12,0.12,0.12,0.12,0.12,0.14,0.12,0.12,0.12,0.1,0.12,0.12,0.12,0.13,0.13,0.12,0.13,0.13,0.12,0.12,0.11,0.11,0.1
65,0.11,0.11,0.11,0.12,0.13,0.13,0.13,0.13,0.13,0.11,0.12,0.11,0.11,0.11,0.1,0.12,0.1,0.13,0.13,0.12,0.14,0.12,0.12,0.12,0.13,0.11,0.11,0.11,0.12,0.13,0.13,0.12,0.12,0.13,0.13,0.12,0.11,0.12,0.12,0.12,0.11,0.12,0.12,0.12,0.12,0.12,0.13,0.14,0.12,0.12,0.12,0.1,0.12,0.12,0.12,0.13,0.13,0.12,0.13,0.12,0.12,0.12,0.11,0.11,0.11
66,0.11,0.11,0.11,0.12,0.13,0.13,0.13,0.14,0.12,0.11,0.12,0.11,0.11,0.11,0.11,0.12,0.1,0.13,0.12,0.12,0.14,0.13,0.12,0.12,0.13,0.11,0.11,0.1,0.12,0.12,0.12,0.13,0.12,0.13,0.13,0.12,0.11,0.12,0.12,0.12,0.11,0.12,0.13,0.13,0.12,0.12,0.12,0.14,0.12,0.12,0.12,0.1,0.12,0.12,0.12,0.13,0.13,0.12,0.13,0.13,0.12,0.12,0.11,0.11,0.11
67,0.11,0.11,0.11,0.12,0.13,0.13,0.13,0.14,0.12,0.11,0.12,0.11,0.11,0.11,0.11,0.12,0.11,0.12,0.12,0.12,0.14,0.13,0.12,0.12,0.13,0.11,0.1,0.11,0.12,0.12,0.12,0.13,0.12,0.13,0.13,0.12,0.11,0.12,0.12,0.11,0.12,0.12,0.13,0.13,0.12,0.12,0.12,0.14,0.12,0.12,0.11,0.1,0.12,0.12,0.12,0.13,0.13,0.12,0.13,0.12,0.13,0.12,0.11,0.12,0.11
68,0.11,0.11,0.11,0.12,0.13,0.13,0.13,0.14,0.12,0.12,0.11,0.11,0.11,0.11,0.11,0.12,0.11,0.12,0.12,0.12,0.14,0.13,0.12,0.12,0.13,0.11,0.1,0.11,0.12,0.12,0.12,0.12,0.12,0.13,0.13,0.12,0.11,0.12,0.12,0.11,0.12,0.12,0.13,0.13,0.12,0.12,0.13,0.13,0.12,0.12,0.11,0.1,0.12,0.12,0.12,0.13,0.13,0.12,0.13,0.13,0.13,0.12,0.11,0.12,0.12
69,0.11,0.11,0.11,0.12,0.13,0.13,0.13,0.14,0.12,0.12,0.11,0.12,0.11,0.11,0.11,0.12,0.11,0.12,0.12,0.12,0.14,0.13,0.12,0.12,0.12,0.11,0.1,0.11,0.12,0.12,0.12,0.12,0.12,0.13,0.13,0.12,0.12,0.12,0.12,0.11,0.12,0.12,0.13,0.13,0.12,0.12,0.13,0.14,0.13,0.11,0.11,0.1,0.12,0.12,0.12,0.13,0.13,0.12,0.13,0.13,0.13,0.12,0.11,0.12,0.12
70,0.11,0.11,0.11,0.12,0.13,0.13,0.13,0.14,0.12,0.12,0.11,0.12,0.11,0.11,0.11,0.12,0.11,0.12,0.12,0.12,0.14,0.12,0.13,0.12,0.12,0.11,0.1,0.12,0.12,0.12,0.12,0.12,0.12,0.13,0.13,0.12,0.12,0.12,0.12,0.11,0.12,0.12,0.13,0.13,0.12,0.12,0.13,0.14,0.13,0.11,0.12,0.1,0.12,0.12,0.12,0.13,0.13,0.12,0.13,0.13,0.12,0.13,0.11,0.11,0.12
71,0.11,0.11,0.11,0.12,0.13,0.13,0.13,0.14,0.12,0.12,0.11,0.12,0.11,0.11,0.11,0.12,0.11,0.12,0.12,0.12,0.14,0.12,0.13,0.12,0.12,0.11,0.1,0.12,0.12,0.12,0.12,0.13,0.12,0.13,0.14,0.12,0.12,0.12,0.12,0.11,0.12,0.13,0.12,0.13,0.12,0.12,0.13,0.13,0.13,0.11,0.12,0.1,0.12,0.12,0.12,0.12,0.13,0.13,0.12,0.13,0.12,0.13,0.12,0.11,0.12
72,0.11,0.11,0.11,0.11,0.12,0.12,0.13,0.13,0.13,0.12,0.11,0.12,0.11,0.11,0.11,0.12,0.13,0.12,0.13,0.12,0.14,0.12,0.12,0.13,0.12,0.1,0.11,0.11,0.12,0.13,0.12,0.13,0.12,0.13,0.14,0.13,0.12,0.12,0.12,0.11,0.12,0.12,0.13,0.13,0.12,0.13,0.13,0.14,0.13,0.11,0.11,0.1,0.12,0.12,0.12,0.12,0.14,0.13,0.12,0.13,0.12,0.13,0.12,0.12,0.12
73,0.11,0.11,0.11,0.11,0.12,0.13,0.12,0.13,0.12,0.13,0.11,0.12,0.11,0.11,0.12,0.11,0.13,0.12,0.12,0.13,0.13,0.13,0.12,0.14,0.11,0.11,0.11,0.12,0.12,0.13,0.12,0.13,0.12,0.13,0.13,0.14,0.12,0.11,0.12,0.11,0.11,0.12,0.13,0.13,0.13,0.13,0.14,0.13,0.13,0.11,0.12,0.1,0.12,0.12,0.12,0.12,0.14,0.12,0.12,0.13,0.12,0.13,0.12,0.12,0.12
74,0.11,0.11,0.11,0.11,0.12,0.13,0.12,0.13,0.12,0.13,0.12,0.12,0.11,0.11,0.12,0.11,0.12,0.13,0.12,0.13,0.13,0.13,0.12,0.13,0.11,0.11,0.11,0.12,0.12,0.13,0.12,0.13,0.12,0.13,0.13,0.14,0.12,0.11,0.12,0.11,0.11,0.12,0.13,0.13,0.13,0.13,0.14,0.13,0.13,0.11,0.12,0.1,0.12,0.12,0.12,0.12,0.13,0.13,0.12,0.13,0.13,0.12,0.12,0.12,0.12
75,0.12,0.11,0.11,0.11,0.12,0.13,0.13,0.13,0.12,0.13,0.12,0.12,0.11,0.11,0.12,0.11,0.12,0.13,0.12,0.12,0.13,0.13,0.12,0.13,0.11,0.11,0.1,0.12,0.12,0.13,0.12,0.13,0.12,0.13,0.13,0.13,0.12,0.12,0.12,0.11,0.11,0.12,0.13,0.13,0.14,0.13,0.14,0.13,0.13,0.11,0.12,0.1,0.12,0.12,0.12,0.12,0.13,0.13,0.12,0.13,0.13,0.12,0.12,0.13,0.12
76,0.11,0.12,0.11,0.12,0.11,0.12,0.13,0.13,0.12,0.13,0.12,0.12,0.11,0.12,0.12,0.11,0.12,0.13,0.12,0.12,0.13,0.13,0.12,0.13,0.11,0.11,0.1,0.12,0.12,0.13,0.13,0.13,0.12,0.13,0.13,0.13,0.11,0.12,0.12,0.12,0.11,0.12,0.13,0.13,0.14,0.13,0.14,0.13,0.13,0.12,0.12,0.1,0.12,0.12,0.12,0.12,0.13,0.13,0.12,0.13,0.12,0.13,0.12,0.13,0.12
77,0.11,0.14,0.11,0.12,0.11,0.12,0.13,0.13,0.12,0.13,0.12,0.12,0.12,0.12,0.12,0.12,0.11,0.13,0.12,0.12,0.13,0.13,0.12,0.13,0.11,0.11,0.1,0.12,0.12,0.13,0.14,0.13,0.12,0.13,0.13,0.13,0.12,0.12,0.12,0.12,0.11,0.12,0.13,0.13,0.14,0.13,0.14,0.13,0.13,0.11,0.13,0.1,0.12,0.12,0.12,0.12,0.13,0.13,0.13,0.12,0.12,0.13,0.12,0.13,0.12
78,0.12,0.13,0.11,0.12,0.12,0.12,0.13,0.13,0.13,0.13,0.12,0.12,0.12,0.12,0.12,0.12,0.11,0.12,0.12,0.12,0.13,0.12,0.12,0.12,0.12,0.11,0.12,0.11,0.12,0.13,0.14,0.13,0.12,0.13,0.13,0.13,0.12,0.12,0.12,0.11,0.11,0.12,0.13,0.13,0.14,0.13,0.14,0.13,0.13,0.11,0.13,0.1,0.12,0.12,0.12,0.12,0.13,0.13,0.13,0.12,0.12,0.13,0.13,0.12,0.12
79,0.12,0.13,0.11,0.12,0.12,0.12,0.13,0.13,0.13,0.13,0.12,0.12,0.12,0.12,0.12,0.12,0.11,0.12,0.12,0.12,0.13,0.12,0.12,0.12,0.12,0.11,0.12,0.11,0.12,0.13,0.14,0.14,0.12,0.13,0.13,0.13,0.12,0.12,0.12,0.11,0.11,0.12,0.12,0.13,0.14,0.13,0.15,0.13,0.13,0.11,0.13,0.1,0.12,0.12,0.12,0.13,0.13,0.13,0.13,0.12,0.12,0.13,0.13,0.12,0.12
80,0.12,0.13,0.11,0.12,0.12,0.12,0.14,0.13,0.13,0.13,0.12,0.12,0.12,0.12,0.12,0.12,0.11,0.12,0.12,0.12,0.13,0.12,0.12,0.12,0.12,0.11,0.12,0.11,0.12,0.13,0.14,0.14,0.12,0.13,0.13,0.13,0.12,0.12,0.13,0.11,0.11,0.12,0.13,0.13,0.15,0.13,0.15,0.13,0.13,0.12,0.13,0.1,0.12,0.12,0.12,0.13,0.13,0.13,0.12,0.14,0.12,0.13,0.13,0.12,0.12
81,0.12,0.13,0.11,0.11,0.12,0.13,0.13,0.13,0.13,0.13,0.12,0.12,0.12,0.12,0.13,0.12,0.11,0.12,0.12,0.12,0.13,0.12,0.12,0.12,0.12,0.11,0.12,0.13,0.11,0.13,0.14,0.15,0.12,0.13,0.14,0.13,0.13,0.12,0.13,0.11,0.11,0.12,0.13,0.14,0.14,0.13,0.14,0.13,0.13,0.12,0.13,0.1,0.12,0.11,0.12,0.13,0.13,0.13,0.13,0.13,0.13,0.13,0.13,0.12,0.12
82,0.12,0.13,0.12,0.11,0.12,0.13,0.13,0.13,0.13,0.14,0.12,0.12,0.12,0.12,0.13,0.11,0.11,0.12,0.12,0.12,0.13,0.12,0.12,0.12,0.12,0.11,0.12,0.13,0.11,0.13,0.14,0.15,0.13,0.14,0.13,0.13,0.13,0.12,0.12,0.11,0.11,0.12,0.13,0.15,0.14,0.13,0.13,0.13,0.13,0.12,0.13,0.11,0.12,0.11,0.12,0.13,0.13,0.13,0.13,0.13,0.13,0.13,0.13,0.12,0.12
83,0.12,0.13,0.12,0.11,0.12,0.13,0.13,0.13,0.13,0.14,0.12,0.12,0.12,0.12,0.13,0.11,0.11,0.12,0.12,0.12,0.13,0.13,0.12,0.12,0.12,0.11,0.12,0.13,0.11,0.14,0.13,0.15,0.13,0.13,0.12,0.13,0.13,0.12,0.12,0.11,0.11,0.13,0.13,0.15,0.14,0.13,0.14,0.13,0.14,0.12,0.13,0.11,0.12,0.11,0.12,0.13,0.13,0.13,0.13,0.13,0.13,0.13,0.13,0.12,0.12
84,0.12,0.13,0.11,0.12,0.12,0.13,0.13,0.13,0.13,0.14,0.12,0.12,0.12,0.13,0.12,0.11,0.12,0.12,0.12,0.13,0.13,0.13,0.12,0.12,0.11,0.12,0.11,0.13,0.12,0.13,0.13,0.15,0.12,0.13,0.13,0.13,0.13,0.12,0.12,0.12,0.11,0.12,0.13,0.15,0.14,0.14,0.14,0.13,0.13,0.12,0.12,0.11,0.12,0.11,0.12,0.13,0.13,0.13,0.13,0.13,0.13,0.14,0.13,0.13,0.12
85,0.14,0.13,0.11,0.12,0.12,0.13,0.13,0.13,0.13,0.13,0.12,0.12,0.12,0.12,0.12,0.11,0.12,0.12,0.12,0.13,0.13,0.13,0.13,0.12,0.11,0.12,0.11,0.13,0.12,0.13,0.13,0.15,0.12,0.13,0.13,0.13,0.13,0.12,0.12,0.12,0.11,0.12,0.13,0.15,0.14,0.13,0.14,0.13,0.13,0.12,0.12,0.11,0.12,0.11,0.12,0.13,0.13,0.13,0.14,0.13,0.13,0.14,0.13,0.13,0.12
86,0.14,0.13,0.11,0.12,0.12,0.13,0.13,0.13,0.13,0.13,0.12,0.12,0.12,0.12,0.12,0.12,0.11,0.12,0.12,0.13,0.13,0.12,0.13,0.12,0.11,0.12,0.11,0.13,0.12,0.13,0.14,0.15,0.12,0.13,0.13,0.13,0.13,0.12,0.12,0.12,0.11,0.12,0.13,0.14,0.14,0.13,0.14,0.13,0.13,0.12,0.12,0.12,0.12,0.11,0.12,0.13,0.13,0.13,0.14,0.13,0.15,0.14,0.13,0.13,0.11
87,0.15,0.13,0.11,0.12,0.12,0.13,0.13,0.13,0.13,0.13,0.12,0.12,0.12,0.12,0.12,0.12,0.11,0.12,0.12,0.13,0.12,0.13,0.13,0.11,0.11,0.12,0.11,0.13,0.12,0.13,0.14,0.15,0.12,0.13,0.13,0.13,0.13,0.12,0.12,0.12,0.11,0.12,0.13,0.14,0.14,0.13,0.14,0.14,0.13,0.12,0.12,0.12,0.12,0.11,0.12,0.13,0.13,0.13,0.14,0.14,0.13,0.14,0.13,0.13,0.11
88,0.14,0.13,0.11,0.12,0.11,0.13,0.13,0.13,0.13,0.13,0.12,0.11,0.12,0.13,0.12,0.12,0.11,0.12,0.12,0.12,0.13,0.13,0.13,0.11,0.12,0.12,0.11,0.13,0.12,0.13,0.14,0.15,0.13,0.12,0.13,0.13,0.13,0.12,0.12,0.12,0.11,0.12,0.13,0.14,0.13,0.13,0.14,0.14,0.13,0.12,0.12,0.11,0.12,0.11,0.12,0.13,0.13,0.14,0.14,0.14,0.13,0.14,0.13,0.13,0.12
89,0.14,0.13,0.11,0.12,0.11,0.13,0.13,0.13,0.13,0.13,0.12,0.11,0.12,0.12,0.13,0.12,0.11,0.12,0.12,0.12,0.13,0.13,0.12,0.13,0.12,0.12,0.11,0.13,0.12,0.13,0.14,0.15,0.13,0.12,0.13,0.13,0.13,0.12,0.12,0.12,0.11,0.12,0.13,0.14,0.14,0.13,0.14,0.14,0.13,0.12,0.12,0.11,0.12,0.12,0.12,0.13,0.13,0.13,0.14,0.14,0.13,0.14,0.13,0.13,0.12
90,0.14,0.13,0.11,0.12,0.11,0.13,0.13,0.13,0.13,0.13,0.11,0.11,0.12,0.12,0.13,0.12,0.11,0.12,0.12,0.12,0.13,0.13,0.12,0.13,0.12,0.12,0.11,0.12,0.12,0.13,0.14,0.15,0.13,0.12,0.13,0.13,0.12,0.13,0.11,0.12,0.12,0.12,0.13,0.14,0.14,0.13,0.14,0.14,0.13,0.12,0.12,0.12,0.12,0.12,0.12,0.13,0.13,0.13,0.14,0.14,0.13,0.14,0.13,0.13,0.12
91,0.14,0.13,0.11,0.12,0.11,0.13,0.14,0.13,0.13,0.13,0.11,0.11,0.12,0.12,0.13,0.12,0.11,0.12,0.12,0.12,0.13,0.13,0.12,0.13,0.12,0.12,0.11,0.12,0.12,0.13,0.14,0.15,0.13,0.12,0.13,0.13,0.12,0.13,0.11,0.12,0.12,0.12,0.13,0.14,0.14,0.13,0.14,0.15,0.13,0.12,0.12,0.12,0.12,0.12,0.12,0.13,0.13,0.13,0.14,0.14,0.13,0.14,0.13,0.13,0.12
92,0.14,0.13,0.12,0.12,0.11,0.13,0.14,0.13,0.13,0.13,0.11,0.11,0.13,0.12,0.13,0.1,0.12,0.12,0.12,0.12,0.13,0.13,0.12,0.13,0.12,0.12,0.11,0.12,0.12,0.12,0.14,0.14,0.14,0.12,0.14,0.13,0.12,0.13,0.11,0.12,0.12,0.12,0.14,0.13,0.14,0.13,0.14,0.14,0.13,0.12,0.13,0.12,0.12,0.12,0.12,0.12,0.13,0.13,0.14,0.14,0.12,0.14,0.13,0.12,0.12
93,0.13,0.13,0.12,0.12,0.11,0.13,0.14,0.13,0.13,0.13,0.11,0.11,0.13,0.13,0.13,0.1,0.12,0.12,0.12,0.12,0.13,0.14,0.12,0.13,0.12,0.12,0.11,0.12,0.12,0.12,0.14,0.14,0.14,0.12,0.14,0.13,0.12,0.14,0.11,0.13,0.12,0.13,0.13,0.13,0.14,0.14,0.14,0.13,0.14,0.12,0.13,0.12,0.12,0.12,0.12,0.12,0.13,0.13,0.13,0.14,0.12,0.14,0.13,0.12,0.12
94,0.13,0.12,0.13,0.12,0.11,0.13,0.14,0.13,0.13,0.13,0.11,0.12,0.12,0.13,0.13,0.1,0.12,0.12,0.12,0.12,0.13,0.14,0.13,0.13,0.13,0.12,0.11,0.12,0.12,0.12,0.14,0.14,0.14,0.12,0.14,0.13,0.12,0.13,0.11,0.13,0.12,0.13,0.13,0.13,0.14,0.14,0.14,0.13,0.14,0.12,0.13,0.12,0.12,0.12,0.12,0.12,0.13,0.13,0.13,0.14,0.12,0.14,0.13,0.12,0.12
95,0.13,0.12,0.13,0.12,0.11,0.13,0.13,0.13,0.13,0.13,0.11,0.12,0.12,0.12,0.13,0.1,0.12,0.12,0.12,0.13,0.13,0.14,0.13,0.13,0.12,0.13,0.12,0.12,0.12,0.12,0.14,0.14,0.14,0.13,0.13,0.13,0.12,0.13,0.11,0.13,0.12,0.13,0.13,0.13,0.14,0.14,0.14,0.13,0.14,0.12,0.13,0.12,0.12,0.12,0.12,0.12,0.13,0.13,0.13,0.13,0.12,0.14,0.14,0.12,0.12
96,0.13,0.12,0.13,0.12,0.11,0.13,0.13,0.13,0.13,0.13,0.11,0.12,0.13,0.12,0.12,0.11,0.12,0.12,0.12,0.13,0.13,0.14,0.13,0.13,0.12,0.13,0.12,0.12,0.12,0.13,0.14,0.14,0.14,0.13,0.13,0.14,0.12,0.13,0.11,0.13,0.12,0.13,0.12,0.13,0.14,0.14,0.14,0.13,0.13,0.12,0.13,0.12,0.12,0.12,0.12,0.12,0.13,0.13,0.13,0.13,0.13,0.14,0.14,0.12,0.12
97,0.13,0.12,0.12,0.12,0.11,0.13,0.13,0.13,0.13,0.13,0.11,0.12,0.13,0.12,0.12,0.12,0.12,0.12,0.13,0.13,0.13,0.14,0.13,0.13,0.12,0.13,0.12,0.12,0.12,0.13,0.14,0.13,0.14,0.13,0.12,0.14,0.12,0.13,0.11,0.13,0.12,0.13,0.12,0.13,0.14,0.14,0.14,0.13,0.13,0.12,0.13,0.12,0.12,0.12,0.12,0.12,0.13,0.13,0.13,0.13,0.13,0.14,0.14,0.12,0.12
98,0.13,0.12,0.12,0.12,0.11,0.13,0.13,0.13,0.13,0.13,0.11,0.12,0.13,0.12,0.12,0.12,0.12,0.12,0.14,0.13,0.13,0.13,0.13,0.13,0.12,0.13,0.12,0.12,0.12,0.13,0.15,0.13,0.14,0.13,0.13,0.14,0.12,0.13,0.11,0.13,0.12,0.13,0.12,0.13,0.14,0.14,0.14,0.13,0.13,0.12,0.12,0.13,0.12,0.12,0.12,0.12,0.13,0.13,0.13,0.13,0.13,0.14,0.14,0.12,0.12
99,0.12,0.12,0.12,0.12,0.11,0.13,0.13,0.13,0.13,0.13,0.11,0.13,0.12,0.12,0.12,0.12,0.12,0.12,0.14,0.13,0.13,0.13,0.13,0.13,0.12,0.13,0.12,0.12,0.13,0.12,0.14,0.14,0.14,0.13,0.13,0.14,0.12,0.13,0.11,0.13,0.12,0.13,0.12,0.14,0.14,0.14,0.13,0.13,0.13,0.12,0.12,0.13,0.12,0.12,0.12,0.12,0.13,0.13,0.13,0.13,0.13,0.14,0.14,0.12,0.12
100,0.12,0.12,0.12,0.12,0.11,0.13,0.13,0.13,0.13,0.13,0.11,0.12,0.13,0.12,0.12,0.12,0.12,0.12,0.14,0.13,0.13,0.13,0.13,0.13,0.12,0.13,0.12,0.12,0.13,0.12,0.14,0.14,0.14,0.13,0.13,0.14,0.12,0.13,0.11,0.12,0.12,0.13,0.12,0.14,0.14,0.14,0.13,0.13,0.13,0.13,0.12,0.13,0.13,0.12,0.12,0.12,0.13,0.13,0.13,0.13,0.13,0.14,0.13,0.13,0.12
101,0.12,0.12,0.12,0.12,0.11,0.13,0.13,0.13,0.13,0.13,0.11,0.12,0.13,0.13,0.12,0.13,0.12,0.12,0.14,0.13,0.13,0.13,0.13,0.13,0.12,0.12,0.12,0.13,0.13,0.12,0.14,0.14,0.14,0.13,0.13,0.14,0.12,0.13,0.13,0.13,0.13,0.12,0.12,0.14,0.14,0.14,0.13,0.13,0.13,0.13,0.13,0.12,0.13,0.12,0.12,0.12,0.13,0.13,0.13,0.13,0.15,0.13,0.13,0.13,0.12
102,0.12,0.12,0.12,0.12,0.11,0.12,0.13,0.13,0.13,0.13,0.11,0.12,0.13,0.13,0.12,0.13,0.12,0.12,0.14,0.13,0.13,0.13,0.14,0.13,0.12,0.12,0.12,0.13,0.13,0.12,0.13,0.14,0.13,0.13,0.13,0.13,0.13,0.13,0.13,0.13,0.13,0.12,0.12,0.14,0.14,0.14,0.13,0.13,0.13,0.12,0.13,0.12,0.13,0.12,0.12,0.12,0.13,0.13,0.13,0.13,0.15,0.13,0.13,0.13,0.12
103,0.12,0.12,0.12,0.12,0.11,0.12,0.13,0.13,0.13,0.13,0.11,0.12,0.13,0.13,0.12,0.14,0.12,0.12,0.14,0.13,0.13,0.13,0.14,0.13,0.12,0.12,0.13,0.12,0.13,0.12,0.13,0.13,0.13,0.13,0.13,0.13,0.12,0.13,0.13,0.13,0.13,0.12,0.12,0.14,0.14,0.14,0.13,0.13,0.13,0.13,0.13,0.12,0.12,0.13,0.12,0.12,0.13,0.13,0.13,0.13,0.15,0.13,0.13,0.13,0.12
104,0.12,0.12,0.12,0.12,0.11,0.12,0.13,0.13,0.13,0.13,0.12,0.12,0.13,0.13,0.12,0.14,0.12,0.12,0.14,0.13,0.13,0.13,0.14,0.13,0.12,0.12,0.13,0.12,0.14,0.12,0.13,0.13,0.13,0.13,0.13,0.12,0.13,0.14,0.13,0.13,0.13,0.12,0.12,0.13,0.14,0.14,0.13,0.14,0.13,0.13,0.13,0.12,0.12,0.13,0.12,0.12,0.14,0.13,0.13,0.13,0.13,0.14,0.13,0.13,0.12
105,0.13,0.12,0.12,0.12,0.11,0.12,0.13,0.13,0.13,0.13,0.12,0.12,0.13,0.12,0.12,0.14,0.12,0.13,0.13,0.13,0.12,0.13,0.14,0.13,0.12,0.12,0.12,0.13,0.13,0.12,0.13,0.13,0.13,0.13,0.13,0.12,0.13,0.14,0.13,0.13,0.13,0.13,0.12,0.13,0.14,0.14,0.13,0.14,0.13,0.13,0.13,0.12,0.12,0.13,0.13,0.12,0.14,0.13,0.13,0.13,0.13,0.14,0.13,0.13,0.12
106,0.13,0.12,0.12,0.12,0.11,0.12,0.13,0.12,0.13,0.14,0.13,0.12,0.13,0.12,0.12,0.14,0.12,0.13,0.13,0.13,0.13,0.13,0.13,0.12,0.13,0.12,0.12,0.13,0.12,0.13,0.13,0.13,0.13,0.13,0.13,0.12,0.13,0.13,0.13,0.13,0.13,0.13,0.12,0.13,0.14,0.14,0.13,0.14,0.13,0.13,0.13,0.12,0.13,0.13,0.13,0.12,0.14,0.13,0.13,0.13,0.14,0.14,0.13,0.13,0.12
107,0.13,0.12,0.11,0.12,0.11,0.12,0.13,0.12,0.13,0.14,0.13,0.12,0.13,0.12,0.12,0.14,0.12,0.13,0.12,0.13,0.13,0.13,0.13,0.12,0.13,0.12,0.12,0.13,0.12,0.13,0.13,0.13,0.13,0.13,0.12,0.13,0.13,0.13,0.13,0.13,0.13,0.12,0.13,0.13,0.14,0.14,0.13,0.14,0.13,0.13,0.13,0.12,0.13,0.13,0.13,0.12,0.14,0.13,0.13,0.13,0.14,0.14,0.13,0.13,0.12
108,0.13,0.11,0.12,0.12,0.11,0.12,0.13,0.12,0.13,0.14,0.13,0.12,0.13,0.12,0.12,0.13,0.13,0.13,0.12,0.13,0.13,0.13,0.13,0.13,0.13,0.12,0.12,0.13,0.12,0.13,0.13,0.13,0.13,0.13,0.13,0.12,0.13,0.13,0.13,0.13,0.13,0.12,0.13,0.13,0.14,0.13,0.13,0.14,0.13,0.13,0.13,0.12,0.13,0.13,0.13,0.12,0.14,0.13,0.14,0.13,0.14,0.14,0.13,0.13,0.12
109,0.13,0.11,0.12,0.12,0.11,0.12,0.13,0.12,0.13,0.14,0.13,0.12,0.13,0.12,0.12,0.13,0.13,0.13,0.12,0.13,0.13,0.13,0.13,0.13,0.13,0.12,0.12,0.13,0.12,0.13,0.13,0.13,0.13,0.13,0.13,0.12,0.13,0.13,0.13,0.13,0.13,0.12,0.13,0.13,0.13,0.14,0.14,0.13,0.13,0.13,0.13,0.12,0.13,0.13,0.13,0.12,0.14,0.13,0.14,0.13,0.14,0.14,0.13,0.13,0.12
110,0.13,0.12,0.13,0.12,0.11,0.12,0.13,0.12,0.13,0.13,0.14,0.12,0.13,0.12,0.11,0.12,0.13,0.13,0.12,0.13,0.13,0.13,0.13,0.13,0.13,0.12,0.12,0.13,0.12,0.13,0.13,0.13,0.13,0.13,0.12,0.13,0.13,0.13,0.13,0.13,0.13,0.12,0.13,0.13,0.13,0.14,0.14,0.13,0.14,0.13,0.13,0.12,0.13,0.13,0.13,0.12,0.14,0.13,0.14,0.13,0.14,0.13,0.14,0.13,0.12
111,0.14,0.12,0.13,0.12,0.11,0.12,0.13,0.12,0.13,0.13,0.14,0.12,0.13,0.12,0.11,0.12,0.13,0.13,0.12,0.13,0.13,0.13,0.13,0.13,0.13,0.12,0.13,0.12,0.12,0.13,0.13,0.13,0.14,0.13,0.12,0.13,0.13,0.13,0.12,0.13,0.13,0.12,0.13,0.13,0.13,0.14,0.14,0.13,0.13,0.13,0.13,0.12,0.13,0.13,0.13,0.12,0.16,0.13,0.13,0.14,0.13,0.14,0.14,0.13,0.12
112,0.14,0.12,0.13,0.12,0.11,0.12,0.13,0.12,0.13,0.13,0.14,0.12,0.13,0.12,0.11,0.12,0.13,0.13,0.12,0.13,0.13,0.13,0.13,0.13,0.13,0.12,0.13,0.12,0.12,0.13,0.13,0.13,0.14,0.13,0.12,0.14,0.13,0.13,0.12,0.13,0.12,0.13,0.13,0.13,0.13,0.14,0.14,0.13,0.13,0.13,0.13,0.12,0.13,0.13,0.13,0.12,0.15,0.14,0.13,0.13,0.14,0.14,0.14,0.13,0.12
113,0.14,0.11,0.13,0.12,0.11,0.12,0.13,0.12,0.13,0.13,0.14,0.12,0.13,0.12,0.12,0.12,0.13,0.13,0.12,0.13,0.13,0.13,0.13,0.13,0.13,0.12,0.13,0.12,0.12,0.13,0.13,0.13,0.14,0.13,0.12,0.14,0.13,0.13,0.12,0.13,0.12,0.13,0.13,0.13,0.14,0.14,0.14,0.13,0.12,0.13,0.13,0.12,0.13,0.13,0.13,0.12,0.15,0.13,0.13,0.13,0.14,0.14,0.14,0.13,0.12
114,0.14,0.11,0.13,0.12,0.11,0.12,0.13,0.12,0.13,0.13,0.14,0.13,0.13,0.12,0.12,0.12,0.13,0.13,0.12,0.14,0.13,0.13,0.13,0.14,0.12,0.12,0.13,0.12,0.12,0.13,0.13,0.13,0.13,0.13,0.12,0.14,0.13,0.13,0.12,0.13,0.12,0.13,0.13,0.13,0.14,0.14,0.14,0.13,0.12,0.14,0.13,0.12,0.13,0.13,0.13,0.12,0.16,0.13,0.13,0.13,0.14,0.14,0.13,0.13,0.12
115,0.14,0.11,0.14,0.12,0.11,0.13,0.13,0.13,0.12,0.13,0.14,0.13,0.13,0.12,0.12,0.12,0.13,0.13,0.12,0.14,0.13,0.13,0.14,0.13,0.13,0.12,0.13,0.12,0.12,0.13,0.13,0.13,0.14,0.13,0.12,0.13,0.13,0.12,0.12,0.13,0.12,0.13,0.13,0.13,0.15,0.13,0.14,0.13,0.12,0.14,0.13,0.12,0.13,0.14,0.13,0.12,0.16,0.13,0.13,0.13,0.14,0.14,0.14,0.13,0.12
116,0.14,0.12,0.14,0.13,0.11,0.13,0.13,0.13,0.12,0.13,0.14,0.13,0.13,0.12,0.12,0.12,0.13,0.13,0.12,0.14,0.13,0.12,0.13,0.13,0.13,0.12,0.13,0.12,0.11,0.13,0.13,0.13,0.14,0.13,0.13,0.14,0.13,0.12,0.12,0.13,0.12,0.13,0.13,0.13,0.15,0.13,0.14,0.13,0.12,0.14,0.13,0.12,0.14,0.13,0.13,0.12,0.16,0.13,0.13,0.13,0.13,0.14,0.14,0.13,0.12
117,0.13,0.12,0.13,0.13,0.12,0.13,0.13,0.13,0.13,0.13,0.14,0.13,0.13,0.13,0.12,0.13,0.13,0.12,0.13,0.14,0.13,0.12,0.13,0.14,0.13,0.12,0.13,0.12,0.11,0.13,0.14,0.13,0.14,0.13,0.14,0.14,0.13,0.12,0.12,0.15,0.12,0.13,0.13,0.13,0.15,0.13,0.13,0.13,0.12,0.13,0.14,0.12,0.14,0.13,0.13,0.12,0.15,0.14,0.13,0.13,0.13,0.14,0.14,0.13,0.12
118,0.13,0.12,0.13,0.13,0.12,0.13,0.13,0.13,0.13,0.13,0.14,0.13,0.13,0.13,0.12,0.13,0.13,0.12,0.13,0.14,0.13,0.12,0.13,0.14,0.13,0.12,0.13,0.12,0.12,0.12,0.14,0.13,0.14,0.13,0.14,0.13,0.13,0.12,0.12,0.15,0.12,0.13,0.13,0.13,0.14,0.14,0.12,0.13,0.13,0.13,0.13,0.12,0.13,0.13,0.13,0.12,0.15,0.14,0.13,0.13,0.13,0.14,0.14,0.13,0.14
119,0.13,0.12,0.13,0.13,0.12,0.13,0.13,0.13,0.13,0.14,0.14,0.13,0.13,0.13,0.12,0.13,0.13,0.12,0.13,0.14,0.13,0.12,0.13,0.14,0.13,0.12,0.13,0.12,0.12,0.12,0.13,0.13,0.14,0.13,0.14,0.13,0.13,0.12,0.12,0.15,0.13,0.13,0.13,0.14,0.14,0.14,0.12,0.13,0.13,0.13,0.13,0.12,0.13,0.12,0.13,0.12,0.15,0.14,0.13,0.13,0.13,0.14,0.13,0.13,0.14
120,0.13,0.12,0.13,0.13,0.12,0.13,0.14,0.13,0.13,0.14,0.14,0.13,0.13,0.13,0.12,0.13,0.13,0.12,0.13,0.14,0.13,0.12,0.13,0.14,0.12,0.12,0.13,0.12,0.12,0.12,0.13,0.13,0.13,0.14,0.14,0.13,0.13,0.13,0.12,0.15,0.13,0.13,0.13,0.14,0.14,0.15,0.12,0.13,0.14,0.13,0.13,0.12,0.13,0.12,0.13,0.13,0.15,0.13,0.14,0.13,0.13,0.13,0.13,0.13,0.14
121,0.13,0.12,0.13,0.13,0.12,0.13,0.14,0.13,0.13,0.14,0.14,0.13,0.13,0.13,0.12,0.13,0.13,0.12,0.13,0.14,0.13,0.12,0.13,0.13,0.13,0.12,0.13,0.12,0.12,0.12,0.13,0.13,0.14,0.15,0.14,0.13,0.14,0.13,0.12,0.16,0.13,0.13,0.13,0.14,0.14,0.14,0.13,0.13,0.14,0.13,0.13,0.12,0.13,0.12,0.13,0.13,0.15,0.13,0.14,0.13,0.13,0.13,0.13,0.13,0.14
122,0.13,0.12,0.13,0.11,0.13,0.13,0.14,0.13,0.13,0.14,0.14,0.13,0.13,0.12,0.13,0.13,0.13,0.12,0.13,0.14,0.13,0.12,0.13,0.13,0.13,0.12,0.15,0.13,0.12,0.12,0.13,0.13,0.14,0.15,0.14,0.13,0.14,0.13,0.12,0.15,0.12,0.13,0.13,0.14,0.14,0.14,0.13,0.13,0.14,0.13,0.13,0.12,0.13,0.12,0.13,0.13,0.15,0.13,0.14,0.13,0.13,0.13,0.13,0.13,0.14
123,0.13,0.12,0.13,0.12,0.12,0.13,0.14,0.13,0.13,0.15,0.14,0.13,0.13,0.12,0.13,0.13,0.12,0.13,0.13,0.14,0.14,0.12,0.13,0.13,0.13,0.12,0.16,0.13,0.12,0.12,0.13,0.13,0.14,0.14,0.14,0.13,0.14,0.13,0.12,0.14,0.13,0.13,0.13,0.14,0.15,0.14,0.13,0.13,0.14,0.13,0.13,0.13,0.13,0.12,0.13,0.14,0.14,0.13,0.14,0.14,0.13,0.13,0.13,0.13,0.13
124,0.13,0.13,0.12,0.12,0.12,0.13,0.14,0.13,0.13,0.15,0.14,0.13,0.13,0.12,0.13,0.13,0.12,0.13,0.13,0.14,0.14,0.13,0.13,0.13,0.13,0.12,0.16,0.13,0.12,0.12,0.13,0.13,0.14,0.14,0.13,0.13,0.14,0.13,0.11,0.15,0.13,0.13,0.13,0.13,0.15,0.13,0.14,0.13,0.13,0.15,0.13,0.13,0.13,0.12,0.13,0.14,0.13,0.14,0.14,0.14,0.13,0.13,0.13,0.13,0.13
125,0.13,0.13,0.12,0.12,0.12,0.13,0.14,0.13,0.13,0.15,0.14,0.13,0.13,0.12,0.13,0.12,0.13,0.13,0.13,0.14,0.14,0.13,0.13,0.13,0.13,0.12,0.16,0.13,0.12,0.12,0.13,0.13,0.15,0.14,0.13,0.13,0.14,0.14,0.11,0.15,0.13,0.13,0.14,0.13,0.15,0.13,0.14,0.13,0.13,0.15,0.13,0.13,0.13,0.12,0.13,0.14,0.13,0.14,0.14,0.14,0.13,0.13,0.13,0.13,0.13
126,0.13,0.12,0.12,0.12,0.12,0.13,0.14,0.13,0.13,0.14,0.15,0.13,0.13,0.13,0.13,0.12,0.13,0.13,0.13,0.14,0.14,0.13,0.13,0.14,0.14,0.11,0.16,0.13,0.12,0.13,0.12,0.13,0.15,0.14,0.13,0.13,0.13,0.13,0.13,0.14,0.13,0.13,0.14,0.13,0.15,0.13,0.14,0.13,0.13,0.14,0.13,0.13,0.14,0.12,0.13,0.14,0.13,0.14,0.14,0.14,0.13,0.13,0.14,0.13,0.12
127,0.13,0.12,0.12,0.12,0.12,0.13,0.14,0.13,0.13,0.14,0.15,0.13,0.13,0.13,0.13,0.12,0.13,0.13,0.13,0.14,0.14,0.13,0.13,0.14,0.14,0.11,0.16,0.13,0.13,0.13,0.12,0.14,0.14,0.15,0.13,0.13,0.13,0.13,0.13,0.14,0.13,0.13,0.14,0.13,0.14,0.13,0.14,0.13,0.13,0.14,0.13,0.13,0.14,0.12,0.13,0.14,0.14,0.13,0.14,0.14,0.13,0.13,0.14,0.13,0.12
128,0.13,0.12,0.12,0.12,0.12,0.13,0.14,0.13,0.13,0.14,0.15,0.14,0.13,0.13,0.13,0.11,0.13,0.14,0.13,0.14,0.14,0.13,0.13,0.14,0.13,0.11,0.15,0.13,0.13,0.13,0.13,0.14,0.15,0.14,0.13,0.13,0.13,0.13,0.13,0.15,0.13,0.13,0.14,0.13,0.13,0.13,0.14,0.13,0.13,0.14,0.13,0.13,0.14,0.12,0.13,0.14,0.14,0.13,0.14,0.14,0.13,0.13,0.14,0.13,0.12
129,0.12,0.13,0.12,0.12,0.12,0.13,0.14,0.13,0.13,0.15,0.14,0.15,0.13,0.13,0.13,0.12,0.13,0.13,0.15,0.14,0.14,0.13,0.13,0.14,0.13,0.11,0.15,0.13,0.12,0.13,0.13,0.13,0.16,0.14,0.13,0.13,0.13,0.13,0.12,0.15,0.13,0.13,0.14,0.13,0.13,0.13,0.14,0.13,0.13,0.13,0.14,0.13,0.14,0.12,0.13,0.14,0.13,0.14,0.14,0.14,0.13,0.13,0.14,0.13,0.12
130,0.12,0.13,0.12,0.12,0.12,0.13,0.14,0.13,0.13,0.15,0.14,0.15,0.13,0.13,0.13,0.12,0.13,0.13,0.14,0.14,0.13,0.14,0.13,0.13,0.14,0.11,0.15,0.13,0.12,0.14,0.13,0.14,0.16,0.14,0.14,0.13,0.13,0.13,0.12,0.15,0.13,0.13,0.13,0.13,0.13,0.13,0.13,0.13,0.13,0.13,0.14,0.13,0.14,0.13,0.13,0.14,0.13,0.14,0.14,0.14,0.13,0.13,0.14,0.13,0.12
131,0.12,0.13,0.12,0.12,0.12,0.13,0.13,0.14,0.13,0.15,0.14,0.15,0.12,0.13,0.13,0.12,0.13,0.13,0.14,0.14,0.13,0.14,0.13,0.13,0.14,0.12,0.15,0.13,0.12,0.13,0.13,0.14,0.16,0.12,0.15,0.14,0.13,0.13,0.12,0.14,0.14,0.13,0.13,0.13,0.13,0.13,0.13,0.13,0.13,0.13,0.14,0.13,0.14,0.13,0.13,0.14,0.13,0.14,0.14,0.14,0.13,0.13,0.14,0.13,0.12
132,0.12,0.13,0.12,0.12,0.12,0.13,0.13,0.14,0.14,0.15,0.14,0.15,0.12,0.13,0.13,0.12,0.13,0.13,0.15,0.15,0.13,0.13,0.13,0.13,0.14,0.12,0.15,0.13,0.12,0.13,0.13,0.14,0.15,0.12,0.15,0.14,0.13,0.13,0.12,0.14,0.14,0.13,0.13,0.13,0.13,0.13,0.13,0.13,0.13,0.13,0.14,0.13,0.14,0.13,0.13,0.14,0.13,0.14,0.14,0.13,0.14,0.13,0.14,0.13,0.12
133,0.12,0.13,0.12,0.12,0.12,0.13,0.13,0.13,0.14,0.15,0.14,0.15,0.12,0.13,0.13,0.12,0.13,0.13,0.15,0.15,0.14,0.13,0.13,0.13,0.14,0.12,0.15,0.13,0.13,0.13,0.14,0.14,0.15,0.12,0.15,0.14,0.13,0.14,0.12,0.14,0.14,0.12,0.13,0.13,0.14,0.13,0.13,0.13,0.13,0.13,0.13,0.13,0.14,0.13,0.13,0.13,0.14,0.13,0.14,0.13,0.14,0.13,0.14,0.13,0.12
134,0.12,0.13,0.12,0.12,0.12,0.13,0.13,0.13,0.14,0.15,0.14,0.15,0.12,0.13,0.14,0.12,0.13,0.13,0.15,0.15,0.14,0.13,0.13,0.13,0.14,0.12,0.15,0.13,0.13,0.13,0.14,0.14,0.15,0.12,0.14,0.15,0.13,0.14,0.12,0.14,0.14,0.12,0.13,0.13,0.14,0.13,0.14,0.13,0.13,0.13,0.13,0.13,0.14,0.13,0.13,0.13,0.14,0.13,0.14,0.13,0.14,0.13,0.14,0.13,0.12
135,0.12,0.13,0.12,0.12,0.12,0.13,0.13,0.14,0.14,0.15,0.14,0.15,0.12,0.13,0.14,0.12,0.13,0.13,0.15,0.16,0.13,0.13,0.13,0.13,0.14,0.12,0.15,0.13,0.13,0.13,0.14,0.14,0.15,0.12,0.14,0.15,0.13,0.14,0.12,0.14,0.14,0.12,0.13,0.13,0.14,0.13,0.14,0.13,0.13,0.13,0.13,0.13,0.13,0.14,0.13,0.13,0.14,0.13,0.14,0.13,0.15,0.14,0.13,0.13,0.12
136,0.12,0.13,0.12,0.12,0.12,0.13,0.14,0.14,0.14,0.15,0.14,0.14,0.13,0.13,0.14,0.12,0.13,0.13,0.15,0.15,0.13,0.13,0.14,0.13,0.13,0.12,0.14,0.13,0.13,0.13,0.14,0.14,0.14,0.13,0.14,0.13,0.13,0.14,0.13,0.14,0.14,0.12,0.13,0.13,0.13,0.14,0.14,0.14,0.13,0.13,0.13,0.13,0.14,0.14,0.13,0.13,0.13,0.14,0.14,0.13,0.14,0.15,0.13,0.13,0.12
137,0.12,0.13,0.12,0.12,0.12,0.13,0.14,0.14,0.14,0.15,0.14,0.14,0.13,0.13,0.14,0.12,0.13,0.13,0.15,0.15,0.13,0.13,0.14,0.13,0.13,0.12,0.14,0.13,0.13,0.13,0.14,0.14,0.14,0.13,0.14,0.13,0.12,0.13,0.14,0.14,0.14,0.12,0.13,0.13,0.13,0.14,0.14,0.14,0.13,0.13,0.13,0.13,0.14,0.14,0.13,0.13,0.13,0.14,0.14,0.13,0.14,0.15,0.13,0.13,0.13
138,0.12,0.13,0.12,0.12,0.12,0.13,0.14,0.14,0.14,0.15,0.14,0.14,0.13,0.13,0.14,0.12,0.13,0.13,0.15,0.15,0.13,0.12,0.15,0.13,0.13,0.12,0.14,0.13,0.13,0.13,0.14,0.14,0.14,0.14,0.14,0.13,0.13,0.13,0.14,0.14,0.14,0.13,0.12,0.13,0.13,0.14,0.13,0.14,0.13,0.13,0.13,0.13,0.14,0.14,0.13,0.13,0.13,0.14,0.14,0.13,0.14,0.14,0.14,0.13,0.13
139,0.12,0.13,0.12,0.12,0.12,0.13,0.14,0.14,0.13,0.15,0.14,0.14,0.13,0.13,0.14,0.12,0.13,0.13,0.15,0.15,0.13,0.14,0.15,0.13,0.13,0.12,0.14,0.13,0.14,0.13,0.13,0.14,0.14,0.14,0.13,0.13,0.13,0.13,0.14,0.14,0.14,0.12,0.13,0.14,0.14,0.14,0.13,0.14,0.13,0.13,0.13,0.13,0.14,0.14,0.13,0.13,0.14,0.13,0.14,0.13,0.14,0.14,0.14,0.13,0.13
140,0.13,0.13,0.11,0.12,0.12,0.13,0.14,0.14,0.14,0.14,0.14,0.14,0.13,0.12,0.15,0.13,0.13,0.13,0.15,0.15,0.14,0.15,0.14,0.13,0.13,0.12,0.13,0.13,0.13,0.13,0.13,0.14,0.14,0.14,0.13,0.13,0.13,0.13,0.14,0.14,0.14,0.12,0.13,0.14,0.14,0.14,0.13,0.14,0.13,0.13,0.13,0.13,0.14,0.14,0.13,0.13,0.14,0.13,0.14,0.13,0.14,0.14,0.14,0.13,0.13
141,0.13,0.13,0.12,0.12,0.12,0.14,0.14,0.14,0.14,0.14,0.14,0.14,0.13,0.12,0.15,0.13,0.13,0.13,0.14,0.14,0.14,0.15,0.14,0.13,0.13,0.13,0.13,0.13,0.13,0.13,0.13,0.14,0.15,0.14,0.14,0.13,0.13,0.13,0.14,0.14,0.14,0.12,0.13,0.14,0.14,0.14,0.13,0.14,0.13,0.13,0.13,0.13,0.14,0.14,0.13,0.13,0.14,0.13,0.14,0.14,0.14,0.14,0.14,0.13,0.13
142,0.13,0.15,0.12,0.12,0.13,0.14,0.14,0.14,0.13,0.14,0.14,0.14,0.13,0.12,0.14,0.13,0.13,0.12,0.14,0.14,0.14,0.15,0.14,0.13,0.13,0.13,0.13,0.13,0.13,0.13,0.13,0.14,0.15,0.14,0.14,0.13,0.13,0.13,0.14,0.14,0.14,0.13,0.13,0.14,0.14,0.14,0.13,0.14,0.13,0.13,0.13,0.13,0.14,0.13,0.14,0.13,0.14,0.13,0.14,0.14,0.14,0.14,0.14,0.13,0.13
143,0.13,0.14,0.12,0.12,0.13,0.15,0.14,0.14,0.13,0.14,0.13,0.14,0.13,0.12,0.15,0.13,0.13,0.13,0.13,0.14,0.14,0.15,0.14,0.13,0.13,0.13,0.13,0.13,0.13,0.13,0.13,0.14,0.15,0.14,0.14,0.13,0.13,0.13,0.14,0.14,0.14,0.13,0.13,0.14,0.14,0.14,0.13,0.14,0.13,0.13,0.14,0.13,0.14,0.14,0.14,0.13,0.15,0.13,0.14,0.14,0.14,0.14,0.14,0.13,0.14
144,0.13,0.14,0.12,0.12,0.13,0.15,0.14,0.14,0.13,0.13,0.14,0.14,0.13,0.13,0.15,0.13,0.13,0.13,0.13,0.14,0.14,0.15,0.14,0.13,0.13,0.14,0.13,0.13,0.13,0.13,0.13,0.14,0.15,0.14,0.14,0.13,0.13,0.13,0.13,0.14,0.14,0.13,0.13,0.14,0.14,0.14,0.13,0.14,0.13,0.13,0.14,0.13,0.14,0.14,0.14,0.13,0.15,0.13,0.14,0.14,0.14,0.14,0.14,0.13,0.14
145,0.13,0.14,0.13,0.12,0.13,0.15,0.14,0.14,0.14,0.14,0.13,0.14,0.13,0.14,0.13,0.12,0.13,0.13,0.13,0.14,0.14,0.14,0.14,0.13,0.13,0.14,0.13,0.14,0.13,0.13,0.13,0.14,0.15,0.14,0.14,0.13,0.13,0.13,0.13,0.14,0.14,0.13,0.14,0.14,0.13,0.14,0.13,0.14,0.13,0.13,0.14,0.13,0.14,0.14,0.14,0.13,0.15,0.13,0.14,0.14,0.14,0.14,0.13,0.14,0.14
146,0.13,0.14,0.13,0.12,0.13,0.15,0.14,0.14,0.14,0.14,0.13,0.14,0.13,0.14,0.13,0.13,0.13,0.12,0.13,0.14,0.14,0.14,0.14,0.13,0.13,0.14,0.14,0.13,0.13,0.13,0.14,0.13,0.15,0.14,0.14,0.13,0.13,0.13,0.13,0.14,0.14,0.14,0.14,0.14,0.13,0.14,0.15,0.14,0.13,0.13,0.14,0.13,0.14,0.14,0.13,0.13,0.15,0.13,0.14,0.13,0.14,0.14,0.13,0.14,0.14
147,0.13,0.14,0.13,0.12,0.13,0.15,0.14,0.14,0.14,0.14,0.13,0.14,0.14,0.14,0.13,0.14,0.13,0.12,0.13,0.14,0.14,0.14,0.14,0.13,0.13,0.14,0.14,0.13,0.13,0.14,0.14,0.13,0.15,0.14,0.14,0.13,0.13,0.13,0.13,0.14,0.14,0.14,0.14,0.14,0.13,0.14,0.15,0.14,0.13,0.13,0.14,0.13,0.14,0.14,0.13,0.13,0.15,0.13,0.14,0.13,0.14,0.14,0.13,0.14,0.14
148,0.13,0.14,0.13,0.14,0.12,0.15,0.14,0.14,0.14,0.14,0.13,0.14,0.14,0.14,0.13,0.14,0.14,0.12,0.13,0.14,0.14,0.14,0.14,0.13,0.13,0.14,0.14,0.13,0.13,0.13,0.14,0.13,0.15,0.14,0.14,0.13,0.13,0.13,0.13,0.14,0.14,0.14,0.14,0.14,0.13,0.14,0.15,0.14,0.13,0.13,0.14,0.13,0.14,0.14,0.13,0.13,0.15,0.13,0.14,0.13,0.15,0.14,0.13,0.14,0.14
149,0.13,0.14,0.14,0.14,0.12,0.15,0.14,0.14,0.14,0.14,0.13,0.14,0.14,0.14,0.13,0.13,0.14,0.12,0.13,0.14,0.14,0.14,0.14,0.13,0.13,0.14,0.14,0.13,0.14,0.14,0.13,0.14,0.15,0.14,0.13,0.14,0.13,0.13,0.13,0.14,0.14,0.13,0.14,0.14,0.13,0.14,0.15,0.14,0.13,0.13,0.14,0.13,0.14,0.14,0.13,0.13,0.15,0.13,0.14,0.13,0.15,0.14,0.13,0.14,0.14
150,0.14,0.14,0.14,0.14,0.13,0.15,0.14,0.14,0.14,0.14,0.13,0.14,0.14,0.13,0.13,0.13,0.14,0.12,0.13,0.14,0.14,0.14,0.14,0.13,0.13,0.14,0.14,0.13,0.14,0.14,0.14,0.14,0.15,0.14,0.14,0.13,0.13,0.13,0.13,0.14,0.14,0.13,0.14,0.14,0.13,0.14,0.15,0.14,0.13,0.13,0.14,0.13,0.14,0.14,0.13,0.13,0.15,0.13,0.14,0.13,0.15,0.14,0.14,0.13,0.14
151,0.14,0.14,0.14,0.14,0.13,0.15,0.14,0.14,0.14,0.14,0.14,0.14,0.14,0.13,0.13,0.13,0.14,0.12,0.13,0.14,0.14,0.14,0.14,0.13,0.13,0.14,0.13,0.14,0.14,0.14,0.14,0.14,0.16,0.14,0.14,0.14,0.13,0.13,0.13,0.14,0.14,0.13,0.14,0.14,0.13,0.13,0.15,0.14,0.13,0.13,0.14,0.13,0.14,0.14,0.13,0.13,0.15,0.14,0.13,0.14,0.15,0.14,0.14,0.13,0.14
152,0.14,0.14,0.14,0.14,0.13,0.15,0.14,0.14,0.14,0.14,0.14,0.14,0.14,0.13,0.13,0.13,0.14,0.12,0.13,0.14,0.14,0.14,0.14,0.13,0.13,0.14,0.13,0.14,0.14,0.15,0.14,0.13,0.15,0.14,0.14,0.14,0.13,0.13,0.13,0.14,0.14,0.13,0.14,0.14,0.14,0.14,0.15,0.14,0.13,0.13,0.14,0.13,0.14,0.14,0.13,0.13,0.15,0.14,0.13,0.14,0.15,0.14,0.14,0.13,0.14
153,0.14,0.14,0.14,0.14,0.13,0.15,0.14,0.14,0.14,0.14,0.14,0.14,0.14,0.13,0.13,0.13,0.13,0.13,0.13,0.14,0.14,0.14,0.14,0.13,0.13,0.14,0.13,0.14,0.15,0.15,0.14,0.13,0.15,0.14,0.14,0.14,0.13,0.14,0.13,0.14,0.14,0.13,0.14,0.14,0.14,0.14,0.15,0.14,0.13,0.13,0.14,0.13,0.14,0.14,0.14,0.13,0.15,0.14,0.14,0.14,0.16,0.14,0.14,0.13,0.14
154,0.14,0.14,0.14,0.14,0.13,0.15,0.14,0.14,0.14,0.14,0.14,0.14,0.14,0.13,0.13,0.13,0.13,0.13,0.13,0.14,0.14,0.14,0.14,0.13,0.13,0.13,0.13,0.14,0.15,0.15,0.14,0.14,0.14,0.14,0.14,0.14,0.13,0.14,0.14,0.14,0.14,0.13,0.14,0.14,0.14,0.14,0.15,0.15,0.13,0.13,0.14,0.14,0.14,0.14,0.14,0.13,0.15,0.14,0.14,0.14,0.15,0.14,0.14,0.13,0.13
155,0.13,0.14,0.14,0.13,0.14,0.15,0.14,0.14,0.14,0.14,0.14,0.14,0.13,0.14,0.13,0.13,0.13,0.13,0.13,0.14,0.14,0.14,0.14,0.13,0.13,0.13,0.13,0.14,0.15,0.15,0.14,0.14,0.14,0.14,0.14,0.14,0.13,0.14,0.14,0.14,0.14,0.13,0.13,0.14,0.14,0.14,0.15,0.15,0.13,0.13,0.14,0.13,0.14,0.14,0.14,0.14,0.15,0.14,0.14,0.14,0.15,0.14,0.15,0.13,0.14
156,0.13,0.14,0.14,0.13,0.14,0.14,0.15,0.14,0.14,0.14,0.14,0.14,0.13,0.13,0.14,0.13,0.14,0.13,0.14,0.14,0.14,0.14,0.14,0.13,0.13,0.13,0.13,0.14,0.14,0.14,0.14,0.14,0.14,0.14,0.14,0.14,0.13,0.14,0.14,0.14,0.14,0.14,0.14,0.14,0.14,0.14,0.15,0.15,0.13,0.13,0.14,0.13,0.14,0.14,0.14,0.13,0.15,0.14,0.14,0.14,0.15,0.14,0.14,0.14,0.14
157,0.13,0.14,0.14,0.14,0.14,0.14,0.15,0.14,0.14,0.14,0.14,0.13,0.13,0.13,0.14,0.13,0.14,0.14,0.13,0.14,0.14,0.14,0.14,0.13,0.14,0.14,0.13,0.14,0.14,0.14,0.14,0.14,0.14,0.14,0.14,0.14,0.13,0.14,0.13,0.14,0.14,0.15,0.14,0.14,0.14,0.14,0.15,0.15,0.13,0.13,0.14,0.13,0.14,0.14,0.14,0.13,0.15,0.14,0.14,0.14,0.15,0.14,0.14,0.14,0.14
158,0.14,0.13,0.14,0.14,0.14,0.14,0.15,0.14,0.14,0.14,0.13,0.13,0.13,0.13,0.14,0.13,0.14,0.14,0.14,0.13,0.14,0.14,0.14,0.14,0.14,0.14,0.13,0.13,0.14,0.15,0.14,0.14,0.14,0.14,0.14,0.14,0.13,0.14,0.14,0.14,0.14,0.15,0.13,0.14,0.14,0.14,0.15,0.15,0.13,0.13,0.14,0.13,0.14,0.14,0.14,0.14,0.15,0.14,0.14,0.14,0.15,0.14,0.14,0.14,0.14
159,0.14,0.13,0.14,0.14,0.14,0.14,0.14,0.14,0.14,0.14,0.14,0.13,0.13,0.13,0.14,0.13,0.13,0.14,0.14,0.14,0.14,0.14,0.14,0.13,0.14,0.14,0.13,0.13,0.14,0.14,0.14,0.14,0.14,0.14,0.14,0.14,0.13,0.14,0.14,0.14,0.14,0.15,0.14,0.14,0.14,0.14,0.15,0.15,0.13,0.13,0.14,0.13,0.14,0.14,0.14,0.14,0.15,0.14,0.14,0.14,0.15,0.14,0.14,0.14,0.14
160,0.14,0.13,0.14,0.14,0.14,0.14,0.14,0.14,0.14,0.14,0.14,0.13,0.13,0.13,0.14,0.13,0.13,0.14,0.14,0.14,0.14,0.14,0.15,0.13,0.14,0.14,0.13,0.13,0.14,0.14,0.14,0.14,0.14,0.14,0.14,0.14,0.13,0.14,0.14,0.14,0.14,0.14,0.14,0.14,0.14,0.14,0.15,0.15,0.14,0.13,0.15,0.13,0.14,0.14,0.15,0.14,0.15,0.14,0.14,0.14,0.15,0.13,0.14,0.14,0.14
161,0.14,0.13,0.14,0.14,0.14,0.14,0.14,0.14,0.14,0.14,0.14,0.13,0.13,0.14,0.13,0.14,0.13,0.14,0.14,0.14,0.14,0.14,0.14,0.13,0.14,0.14,0.13,0.14,0.14,0.14,0.14,0.14,0.14,0.14,0.14,0.14,0.14,0.14,0.14,0.14,0.14,0.14,0.14,0.14,0.14,0.14,0.15,0.15,0.15,0.13,0.15,0.14,0.14,0.15,0.14,0.14,0.15,0.14,0.14,0.14,0.14,0.13,0.14,0.14,0.14
162,0.14,0.13,0.14,0.14,0.14,0.14,0.14,0.14,0.14,0.14,0.14,0.13,0.13,0.14,0.14,0.13,0.13,0.15,0.14,0.14,0.14,0.14,0.14,0.13,0.14,0.14,0.13,0.14,0.14,0.14,0.14,0.14,0.14,0.14,0.14,0.14,0.14,0.14,0.14,0.14,0.14,0.14,0.14,0.14,0.14,0.14,0.15,0.15,0.15,0.13,0.15,0.14,0.14,0.15,0.14,0.14,0.15,0.14,0.14,0.14,0.14,0.13,0.14,0.14,0.14
163,0.14,0.13,0.14,0.14,0.14,0.15,0.14,0.14,0.14,0.14,0.14,0.13,0.13,0.13,0.14,0.13,0.13,0.14,0.14,0.14,0.14,0.14,0.14,0.14,0.14,0.14,0.14,0.14,0.14,0.14,0.14,0.14,0.14,0.14,0.14,0.14,0.12,0.14,0.14,0.14,0.13,0.14,0.14,0.14,0.14,0.14,0.15,0.15,0.15,0.13,0.15,0.14,0.15,0.14,0.14,0.14,0.15,0.14,0.14,0.13,0.14,0.14,0.14,0.14,0.14
164,0.13,0.13,0.14,0.14,0.14,0.15,0.14,0.14,0.14,0.14,0.14,0.13,0.13,0.14,0.13,0.14,0.13,0.14,0.14,0.14,0.14,0.14,0.14,0.14,0.14,0.14,0.14,0.14,0.14,0.14,0.14,0.14,0.13,0.14,0.14,0.14,0.12,0.14,0.14,0.14,0.13,0.14,0.14,0.14,0.14,0.14,0.14,0.15,0.15,0.14,0.15,0.14,0.15,0.14,0.14,0.14,0.15,0.14,0.13,0.14,0.14,0.14,0.14,0.14,0.14
165,0.13,0.13,0.14,0.13,0.14,0.15,0.14,0.14,0.14,0.14,0.14,0.13,0.13,0.13,0.14,0.14,0.14,0.14,0.14,0.14,0.14,0.14,0.14,0.14,0.14,0.14,0.15,0.14,0.14,0.14,0.14,0.14,0.13,0.14,0.14,0.14,0.12,0.14,0.14,0.14,0.13,0.14,0.14,0.14,0.14,0.14,0.13,0.14,0.15,0.14,0.15,0.14,0.14,0.15,0.14,0.14,0.15,0.14,0.14,0.14,0.14,0.14,0.14,0.14,0.14
166,0.13,0.13,0.14,0.13,0.14,0.15,0.14,0.14,0.14,0.14,0.14,0.13,0.13,0.13,0.14,0.14,0.14,0.14,0.14,0.14,0.14,0.14,0.14,0.14,0.14,0.14,0.15,0.14,0.14,0.14,0.14,0.14,0.13,0.14,0.14,0.14,0.12,0.14,0.14,0.14,0.14,0.14,0.14,0.14,0.14,0.14,0.13,0.14,0.15,0.14,0.15,0.14,0.14,0.14,0.14,0.14,0.15,0.14,0.14,0.14,0.14,0.14,0.14,0.15,0.14
167,0.13,0.13,0.14,0.13,0.14,0.15,0.14,0.14,0.14,0.14,0.14,0.13,0.14,0.13,0.14,0.14,0.14,0.14,0.14,0.14,0.14,0.14,0.14,0.13,0.14,0.14,0.15,0.14,0.14,0.14,0.14,0.14,0.13,0.14,0.14,0.14,0.13,0.15,0.14,0.14,0.14,0.14,0.15,0.14,0.14,0.14,0.13,0.14,0.15,0.14,0.14,0.14,0.14,0.14,0.14,0.14,0.15,0.14,0.14,0.14,0.14,0.14,0.14,0.15,0.14
168,0.13,0.13,0.14,0.13,0.14,0.15,0.14,0.14,0.14,0.14,0.14,0.13,0.14,0.13,0.14,0.14,0.14,0.14,0.14,0.14,0.14,0.14,0.14,0.13,0.14,0.14,0.15,0.14,0.14,0.14,0.14,0.14,0.13,0.14,0.14,0.14,0.13,0.15,0.14,0.14,0.14,0.14,0.15,0.15,0.14,0.14,0.13,0.14,0.15,0.14,0.14,0.14,0.14,0.14,0.14,0.14,0.15,0.14,0.14,0.14,0.15,0.14,0.14,0.15,0.15
169,0.13,0.13,0.14,0.13,0.14,0.14,0.14,0.14,0.14,0.14,0.14,0.13,0.14,0.13,0.14,0.14,0.14,0.14,0.14,0.15,0.14,0.14,0.14,0.13,0.14,0.14,0.15,0.14,0.14,0.14,0.14,0.14,0.13,0.14,0.14,0.14,0.13,0.15,0.14,0.14,0.14,0.14,0.15,0.15,0.14,0.14,0.13,0.14,0.14,0.15,0.14,0.14,0.14,0.14,0.14,0.14,0.15,0.14,0.14,0.14,0.15,0.14,0.14,0.15,0.15
170,0.12,0.13,0.14,0.13,0.14,0.14,0.14,0.14,0.14,0.14,0.14,0.13,0.14,0.13,0.14,0.14,0.14,0.14,0.15,0.14,0.14,0.14,0.14,0.13,0.14,0.14,0.15,0.14,0.14,0.14,0.14,0.14,0.13,0.14,0.14,0.14,0.13,0.15,0.14,0.14,0.14,0.14,0.15,0.15,0.14,0.14,0.13,0.14,0.14,0.15,0.14,0.14,0.14,0.14,0.15,0.14,0.15,0.14,0.14,0.14,0.15,0.14,0.14,0.15,0.15
171,0.12,0.13,0.14,0.13,0.14,0.14,0.14,0.15,0.14,0.14,0.14,0.14,0.14,0.14,0.14,0.14,0.14,0.14,0.15,0.14,0.14,0.14,0.14,0.13,0.13,0.14,0.14,0.14,0.14,0.14,0.14,0.14,0.13,0.14,0.14,0.13,0.14,0.14,0.15,0.14,0.14,0.14,0.15,0.16,0.14,0.13,0.14,0.14,0.14,0.15,0.14,0.14,0.14,0.14,0.15,0.14,0.15,0.14,0.14,0.14,0.15,0.14,0.14,0.15,0.15
172,0.12,0.13,0.14,0.13,0.14,0.14,0.14,0.15,0.15,0.14,0.14,0.14,0.14,0.14,0.14,0.14,0.14,0.14,0.15,0.15,0.14,0.15,0.14,0.13,0.13,0.14,0.14,0.14,0.14,0.14,0.14,0.14,0.13,0.14,0.14,0.13,0.14,0.15,0.15,0.14,0.14,0.14,0.15,0.16,0.14,0.13,0.14,0.14,0.15,0.14,0.14,0.14,0.14,0.14,0.15,0.14,0.15,0.14,0.14,0.14,0.15,0.14,0.14,0.16,0.15
173,0.12,0.13,0.14,0.13,0.14,0.14,0.14,0.15,0.15,0.15,0.14,0.14,0.14,0.14,0.14,0.14,0.14,0.14,0.15,0.16,0.14,0.15,0.13,0.14,0.14,0.13,0.14,0.14,0.14,0.14,0.14,0.14,0.13,0.14,0.14,0.13,0.14,0.15,0.15,0.14,0.14,0.15,0.14,0.15,0.15,0.13,0.14,0.14,0.15,0.14,0.14,0.14,0.14,0.14,0.15,0.14,0.15,0.14,0.14,0.14,0.15,0.14,0.15,0.15,0.15
174,0.12,0.13,0.13,0.14,0.14,0.14,0.15,0.14,0.15,0.15,0.14,0.14,0.14,0.14,0.14,0.14,0.14,0.14,0.15,0.15,0.14,0.15,0.13,0.14,0.14,0.14,0.14,0.14,0.16,0.14,0.14,0.14,0.14,0.14,0.14,0.13,0.14,0.15,0.14,0.14,0.14,0.15,0.14,0.15,0.14,0.15,0.14,0.14,0.15,0.14,0.14,0.14,0.14,0.14,0.14,0.15,0.15,0.15,0.14,0.14,0.15,0.14,0.15,0.15,0.15
175,0.12,0.14,0.13,0.13,0.14,0.14,0.15,0.14,0.15,0.15,0.14,0.14,0.14,0.14,0.13,0.15,0.14,0.14,0.15,0.16,0.14,0.15,0.13,0.15,0.14,0.14,0.14,0.14,0.15,0.14,0.14,0.14,0.14,0.14,0.14,0.14,0.13,0.15,0.14,0.14,0.14,0.15,0.14,0.15,0.14,0.15,0.14,0.14,0.15,0.14,0.15,0.14,0.14,0.14,0.14,0.15,0.15,0.14,0.15,0.15,0.14,0.14,0.15,0.14,0.15
176,0.12,0.13,0.13,0.13,0.14,0.14,0.15,0.14,0.15,0.15,0.14,0.13,0.14,0.14,0.14,0.15,0.14,0.14,0.15,0.15,0.15,0.14,0.13,0.14,0.15,0.14,0.14,0.14,0.15,0.14,0.14,0.14,0.14,0.14,0.15,0.14,0.13,0.15,0.14,0.14,0.15,0.14,0.14,0.16,0.14,0.14,0.15,0.14,0.15,0.14,0.15,0.13,0.14,0.14,0.14,0.15,0.15,0.14,0.15,0.15,0.14,0.14,0.15,0.14,0.15
177,0.13,0.13,0.13,0.14,0.15,0.14,0.15,0.14,0.15,0.14,0.15,0.13,0.14,0.14,0.13,0.15,0.14,0.14,0.15,0.15,0.14,0.14,0.13,0.14,0.15,0.14,0.14,0.14,0.15,0.14,0.15,0.14,0.14,0.15,0.15,0.14,0.13,0.15,0.13,0.14,0.15,0.14,0.14,0.15,0.14,0.14,0.15,0.14,0.15,0.14,0.15,0.14,0.14,0.14,0.14,0.15,0.15,0.14,0.15,0.15,0.14,0.14,0.15,0.14,0.15
178,0.13,0.13,0.14,0.13,0.15,0.14,0.15,0.14,0.15,0.14,0.15,0.13,0.14,0.14,0.13,0.15,0.14,0.14,0.15,0.15,0.14,0.14,0.13,0.14,0.15,0.14,0.14,0.14,0.15,0.14,0.15,0.14,0.14,0.15,0.14,0.15,0.13,0.15,0.13,0.14,0.15,0.14,0.14,0.15,0.14,0.14,0.15,0.14,0.15,0.14,0.15,0.14,0.15,0.14,0.14,0.15,0.15,0.14,0.16,0.15,0.14,0.14,0.14,0.15,0.15
179,0.13,0.13,0.14,0.13,0.15,0.14,0.14,0.15,0.15,0.14,0.15,0.13,0.14,0.14,0.13,0.15,0.14,0.14,0.15,0.15,0.14,0.14,0.14,0.13,0.15,0.14,0.14,0.14,0.15,0.14,0.15,0.14,0.14,0.15,0.14,0.15,0.13,0.14,0.14,0.14,0.15,0.14,0.15,0.15,0.14,0.15,0.14,0.14,0.15,0.14,0.15,0.14,0.15,0.14,0.14,0.14,0.15,0.15,0.15,0.15,0.14,0.14,0.14,0.15,0.15
180,0.13,0.13,0.15,0.13,0.15,0.14,0.14,0.15,0.15,0.14,0.16,0.13,0.14,0.14,0.13,0.15,0.14,0.14,0.15,0.15,0.14,0.14,0.14,0.13,0.15,0.14,0.14,0.14,0.15,0.14,0.15,0.14,0.14,0.15,0.14,0.15,0.13,0.14,0.14,0.14,0.15,0.14,0.15,0.15,0.14,0.15,0.14,0.14,0.15,0.14,0.15,0.14,0.15,0.13,0.14,0.14,0.15,0.15,0.15,0.14,0.15,0.14,0.14,0.15,0.15
181,0.14,0.13,0.15,0.14,0.14,0.14,0.14,0.15,0.15,0.14,0.15,0.13,0.14,0.14,0.14,0.15,0.14,0.14,0.15,0.15,0.14,0.14,0.15,0.13,0.15,0.14,0.14,0.14,0.15,0.15,0.15,0.14,0.14,0.15,0.14,0.14,0.14,0.14,0.14,0.14,0.15,0.14,0.14,0.15,0.14,0.14,0.14,0.14,0.14,0.14,0.14,0.15,0.15,0.13,0.14,0.15,0.14,0.15,0.15,0.14,0.15,0.14,0.14,0.16,0.15
182,0.14,0.13,0.15,0.14,0.14,0.14,0.14,0.15,0.15,0.14,0.15,0.13,0.14,0.14,0.15,0.14,0.14,0.14,0.15,0.15,0.14,0.14,0.15,0.13,0.15,0.14,0.14,0.14,0.15,0.15,0.15,0.14,0.14,0.15,0.14,0.14,0.14,0.14,0.14,0.14,0.15,0.14,0.14,0.15,0.14,0.14,0.14,0.14,0.14,0.14,0.14,0.15,0.15,0.13,0.14,0.15,0.14,0.15,0.14,0.15,0.15,0.15,0.14,0.16,0.16
183,0.14,0.13,0.15,0.14,0.14,0.14,0.14,0.15,0.15,0.14,0.15,0.13,0.14,0.14,0.15,0.14,0.14,0.14,0.15,0.15,0.14,0.14,0.15,0.13,0.15,0.14,0.14,0.14,0.15,0.15,0.15,0.14,0.14,0.15,0.14,0.14,0.14,0.14,0.14,0.14,0.14,0.14,0.14,0.15,0.14,0.14,0.14,0.14,0.14,0.14,0.14,0.15,0.15,0.14,0.14,0.15,0.14,0.15,0.14,0.15,0.15,0.15,0.14,0.16,0.16
184,0.14,0.13,0.15,0.14,0.14,0.14,0.15,0.15,0.15,0.14,0.15,0.13,0.14,0.14,0.15,0.14,0.14,0.14,0.15,0.14,0.14,0.14,0.15,0.13,0.14,0.14,0.14,0.14,0.15,0.15,0.15,0.14,0.14,0.15,0.14,0.14,0.14,0.14,0.15,0.14,0.14,0.14,0.14,0.15,0.14,0.14,0.14,0.14,0.14,0.14,0.14,0.15,0.15,0.14,0.14,0.15,0.15,0.14,0.14,0.15,0.15,0.15,0.14,0.16,0.16
185,0.14,0.14,0.15,0.13,0.14,0.14,0.15,0.15,0.15,0.14,0.14,0.14,0.14,0.14,0.14,0.14,0.14,0.14,0.15,0.14,0.14,0.14,0.14,0.14,0.14,0.14,0.14,0.14,0.15,0.15,0.16,0.14,0.14,0.15,0.14,0.14,0.14,0.14,0.15,0.13,0.15,0.14,0.14,0.15,0.14,0.14,0.14,0.14,0.14,0.14,0.14,0.15,0.15,0.14,0.14,0.15,0.14,0.14,0.13,0.15,0.15,0.15,0.15,0.15,0.16
186,0.14,0.14,0.15,0.13,0.14,0.14,0.15,0.15,0.15,0.14,0.13,0.14,0.15,0.14,0.14,0.14,0.14,0.14,0.15,0.14,0.14,0.14,0.14,0.14,0.14,0.14,0.14,0.14,0.15,0.15,0.16,0.14,0.14,0.15,0.14,0.15,0.14,0.14,0.15,0.14,0.14,0.14,0.14,0.15,0.14,0.14,0.14,0.14,0.14,0.14,0.14,0.15,0.15,0.14,0.14,0.15,0.14,0.14,0.13,0.15,0.15,0.15,0.15,0.15,0.16
187,0.14,0.14,0.15,0.13,0.14,0.14,0.15,0.15,0.15,0.14,0.13,0.14,0.15,0.14,0.15,0.14,0.14,0.14,0.15,0.14,0.14,0.14,0.14,0.14,0.14,0.14,0.14,0.14,0.15,0.15,0.16,0.14,0.14,0.15,0.14,0.15,0.14,0.15,0.14,0.14,0.14,0.14,0.14,0.15,0.14,0.15,0.14,0.14,0.14,0.14,0.14,0.15,0.15,0.14,0.14,0.15,0.14,0.14,0.13,0.15,0.15,0.14,0.15,0.15,0.17
188,0.14,0.15,0.14,0.13,0.14,0.14,0.15,0.15,0.15,0.14,0.13,0.14,0.15,0.14,0.15,0.14,0.14,0.14,0.15,0.14,0.14,0.14,0.14,0.14,0.14,0.14,0.14,0.14,0.15,0.15,0.15,0.15,0.14,0.15,0.14,0.16,0.14,0.15,0.14,0.14,0.14,0.14,0.14,0.15,0.14,0.14,0.14,0.14,0.14,0.14,0.15,0.15,0.15,0.14,0.14,0.15,0.14,0.14,0.14,0.15,0.15,0.14,0.15,0.15,0.17
189,0.14,0.15,0.14,0.13,0.14,0.14,0.15,0.15,0.14,0.14,0.13,0.14,0.15,0.14,0.15,0.14,0.15,0.14,0.15,0.14,0.14,0.15,0.14,0.14,0.14,0.14,0.14,0.14,0.14,0.14,0.15,0.15,0.14,0.15,0.14,0.16,0.14,0.15,0.14,0.14,0.14,0.14,0.14,0.15,0.14,0.14,0.14,0.14,0.14,0.14,0.15,0.15,0.15,0.14,0.14,0.15,0.14,0.14,0.14,0.15,0.15,0.15,0.14,0.15,0.17
190,0.14,0.15,0.14,0.13,0.14,0.13,0.15,0.15,0.14,0.14,0.13,0.14,0.15,0.14,0.15,0.14,0.14,0.15,0.15,0.14,0.14,0.15,0.14,0.14,0.14,0.14,0.14,0.14,0.14,0.14,0.15,0.15,0.14,0.15,0.15,0.15,0.14,0.15,0.14,0.15,0.14,0.14,0.14,0.15,0.14,0.14,0.14,0.14,0.14,0.15,0.14,0.15,0.14,0.14,0.14,0.15,0.14,0.14,0.14,0.15,0.15,0.15,0.14,0.16,0.16
191,0.14,0.15,0.14,0.13,0.14,0.13,0.15,0.15,0.14,0.13,0.14,0.15,0.14,0.14,0.15,0.14,0.15,0.15,0.15,0.14,0.14,0.15,0.14,0.14,0.14,0.14,0.13,0.14,0.14,0.14,0.15,0.15,0.14,0.14,0.15,0.15,0.14,0.15,0.14,0.15,0.14,0.14,0.14,0.15,0.14,0.14,0.15,0.13,0.15,0.15,0.14,0.16,0.14,0.14,0.14,0.15,0.14,0.14,0.14,0.15,0.15,0.14,0.14,0.16,0.16
192,0.14,0.15,0.15,0.13,0.14,0.13,0.15,0.15,0.14,0.13,0.14,0.15,0.13,0.14,0.15,0.14,0.15,0.15,0.15,0.14,0.14,0.15,0.14,0.14,0.14,0.15,0.13,0.14,0.14,0.14,0.15,0.15,0.14,0.14,0.15,0.15,0.14,0.14,0.14,0.14,0.14,0.14,0.14,0.14,0.14,0.14,0.15,0.13,0.15,0.15,0.15,0.16,0.15,0.14,0.14,0.15,0.15,0.14,0.14,0.15,0.15,0.14,0.15,0.14,0.16
193,0.14,0.15,0.15,0.14,0.12,0.13,0.15,0.15,0.14,0.13,0.14,0.14,0.14,0.14,0.14,0.14,0.14,0.15,0.15,0.14,0.14,0.15,0.14,0.14,0.14,0.15,0.13,0.15,0.14,0.15,0.15,0.15,0.14,0.14,0.15,0.15,0.14,0.14,0.14,0.14,0.14,0.14,0.14,0.14,0.14,0.14,0.15,0.14,0.15,0.15,0.16,0.16,0.15,0.14,0.15,0.14,0.15,0.14,0.14,0.15,0.15,0.14,0.15,0.15,0.15
194,0.14,0.15,0.15,0.14,0.12,0.14,0.14,0.15,0.14,0.13,0.14,0.14,0.14,0.14,0.14,0.14,0.14,0.15,0.15,0.14,0.14,0.15,0.14,0.14,0.14,0.15,0.13,0.15,0.14,0.15,0.15,0.15,0.14,0.14,0.15,0.15,0.14,0.14,0.15,0.14,0.14,0.14,0.14,0.14,0.14,0.14,0.15,0.14,0.15,0.15,0.17,0.15,0.15,0.14,0.15,0.14,0.14,0.14,0.14,0.15,0.16,0.14,0.15,0.15,0.15
195,0.14,0.14,0.15,0.14,0.14,0.13,0.14,0.15,0.14,0.13,0.14,0.14,0.14,0.14,0.15,0.14,0.14,0.14,0.15,0.14,0.14,0.15,0.14,0.14,0.14,0.15,0.13,0.15,0.15,0.14,0.15,0.14,0.15,0.15,0.14,0.15,0.14,0.14,0.15,0.14,0.14,0.14,0.14,0.14,0.15,0.14,0.15,0.15,0.15,0.15,0.17,0.15,0.15,0.15,0.15,0.14,0.14,0.14,0.14,0.15,0.15,0.14,0.15,0.15,0.15
196,0.14,0.14,0.15,0.14,0.14,0.13,0.14,0.15,0.15,0.13,0.14,0.14,0.15,0.14,0.15,0.14,0.14,0.15,0.15,0.14,0.14,0.14,0.14,0.14,0.13,0.14,0.14,0.15,0.14,0.15,0.14,0.15,0.15,0.15,0.15,0.14,0.14,0.15,0.15,0.14,0.14,0.14,0.14,0.14,0.15,0.14,0.15,0.15,0.15,0.15,0.16,0.15,0.15,0.15,0.15,0.14,0.14,0.14,0.14,0.15,0.15,0.14,0.15,0.15,0.15
197,0.14,0.14,0.15,0.14,0.14,0.13,0.14,0.15,0.15,0.13,0.14,0.14,0.15,0.15,0.14,0.15,0.15,0.14,0.15,0.14,0.14,0.14,0.14,0.14,0.13,0.14,0.14,0.15,0.14,0.15,0.14,0.15,0.15,0.15,0.15,0.14,0.14,0.15,0.15,0.14,0.14,0.14,0.15,0.14,0.14,0.15,0.15,0.15,0.15,0.15,0.16,0.15,0.15,0.15,0.15,0.14,0.14,0.14,0.14,0.15,0.15,0.14,0.16,0.15,0.15
198,0.14,0.14,0.15,0.14,0.14,0.13,0.14,0.15,0.15,0.13,0.14,0.14,0.15,0.14,0.14,0.15,0.15,0.14,0.14,0.15,0.15,0.14,0.14,0.14,0.13,0.14,0.16,0.15,0.15,0.14,0.14,0.15,0.15,0.14,0.15,0.14,0.14,0.15,0.15,0.14,0.14,0.14,0.15,0.14,0.14,0.15,0.15,0.15,0.15,0.16,0.16,0.15,0.15,0.15,0.14,0.14,0.14,0.14,0.14,0.15,0.15,0.14,0.15,0.15,0.15
199,0.14,0.14,0.15,0.14,0.14,0.13,0.14,0.15,0.15,0.13,0.14,0.14,0.15,0.14,0.14,0.15,0.15,0.14,0.14,0.15,0.14,0.15,0.14,0.14,0.13,0.14,0.16,0.15,0.15,0.14,0.15,0.15,0.15,0.14,0.16,0.14,0.14,0.15,0.15,0.14,0.14,0.14,0.15,0.14,0.14,0.15,0.15,0.15,0.15,0.16,0.16,0.15,0.15,0.15,0.14,0.14,0.14,0.15,0.15,0.15,0.15,0.14,0.15,0.15,0.15
200,0.14,0.14,0.15,0.14,0.13,0.14,0.14,0.15,0.15,0.13,0.14,0.14,0.15,0.14,0.14,0.15,0.15,0.15,0.14,0.15,0.14,0.15,0.14,0.14,0.13,0.15,0.16,0.15,0.15,0.14,0.15,0.14,0.15,0.14,0.16,0.14,0.14,0.15,0.14,0.14,0.14,0.14,0.14,0.14,0.14,0.15,0.15,0.15,0.15,0.16,0.16,0.15,0.15,0.15,0.14,0.15,0.14,0.15,0.15,0.15,0.15,0.14,0.15,0.15,0.15
