0_0,0_1,0_2,0_3,0_4,0_5,0_6,1_0,1_1,1_2,1_3,1_4,1_5,1_6,2_0,2_1,2_2,2_3,2_4,2_5,2_6
0,0.1,0.1,0.1,0.1,0.1,0.1,0.1,0.1,0.1,0.1,0.5,0.1,0.1,0.1,0.1,0.1,0.1,0.1,0.1,0.1,0.1
1,0.1,0.1,0.1,0.13,0.11,0.1,0.1,0.1,0.1,0.12,0.44,0.1,0.1,0.1,0.1,0.1,0.1,0.1,0.1,0.1,0.1
2,0.1,0.1,0.11,0.15,0.12,0.1,0.1,0.1,0.1,0.14,0.83,0.12,0.1,0.1,0.1,0.1,0.1,0.13,0.1,0.1,0.1
3,0.1,0.1,0.11,0.18,0.11,0.11,0.1,0.1,0.1,0.23,1.06,0.18,0.1,0.1,0.1,0.1,0.11,0.2,0.11,0.1,0.1
4,0.1,0.1,0.14,0.28,0.12,0.11,0.1,0.1,0.11,0.23,1.28,0.2,0.1,0.11,0.1,0.12,0.11,0.26,0.13,0.1,0.1
5,0.1,0.1,0.14,0.28,0.13,0.1,0.11,0.1,0.12,0.28,1.56,0.23,0.1,0.11,0.1,0.12,0.12,0.34,0.16,0.1,0.1
6,0.1,0.11,0.16,0.34,0.15,0.1,0.11,0.1,0.13,0.32,1.75,0.31,0.1,0.11,0.1,0.12,0.15,0.37,0.18,0.1,0.1
7,0.09,0.12,0.17,0.42,0.16,0.1,0.11,0.1,0.16,0.38,1.85,0.37,0.11,0.11,0.1,0.12,0.18,0.44,0.2,0.11,0.1
8,0.09,0.14,0.17,0.47,0.18,0.11,0.11,0.1,0.17,0.46,1.89,0.49,0.11,0.11,0.1,0.12,0.22,0.54,0.21,0.11,0.1
9,0.09,0.14,0.2,0.55,0.21,0.11,0.11,0.1,0.18,0.52,1.95,0.56,0.13,0.11,0.1,0.13,0.22,0.65,0.23,0.1,0.11
10,0.09,0.15,0.24,0.6,0.26,0.12,0.11,0.1,0.2,0.53,2.07,0.56,0.14,0.11,0.11,0.14,0.28,0.7,0.27,0.11,0.11
11,0.1,0.16,0.27,0.7,0.3,0.13,0.11,0.11,0.18,0.64,2.2,0.57,0.15,0.11,0.11,0.16,0.32,0.65,0.31,0.11,0.11
12,0.1,0.16,0.35,0.7,0.32,0.14,0.11,0.11,0.2,0.69,2.34,0.66,0.16,0.11,0.11,0.17,0.33,0.68,0.33,0.12,0.11
13,0.1,0.19,0.38,0.78,0.35,0.16,0.11,0.12,0.21,0.76,2.3,0.75,0.18,0.11,0.12,0.17,0.37,0.75,0.35,0.13,0.11
14,0.11,0.2,0.38,0.79,0.47,0.16,0.12,0.13,0.24,0.83,2.29,0.79,0.19,0.11,0.12,0.18,0.41,0.83,0.38,0.16,0.11
15,0.11,0.21,0.48,0.83,0.48,0.18,0.12,0.14,0.25,0.86,2.34,0.78,0.21,0.13,0.12,0.2,0.43,0.91,0.45,0.16,0.12
16,0.12,0.25,0.47,0.92,0.53,0.19,0.14,0.15,0.28,0.87,2.36,0.84,0.21,0.14,0.13,0.19,0.48,0.99,0.45,0.16,0.15
17,0.13,0.27,0.49,0.92,0.56,0.2,0.14,0.15,0.3,0.95,2.45,0.91,0.22,0.14,0.14,0.21,0.5,1.03,0.49,0.17,0.15
18,0.13,0.29,0.51,1.02,0.55,0.23,0.14,0.15,0.3,0.99,2.42,0.93,0.28,0.14,0.15,0.22,0.55,1.17,0.51,0.18,0.16
19,0.16,0.27,0.55,1.05,0.64,0.22,0.16,0.15,0.35,1.03,2.41,0.93,0.34,0.15,0.16,0.23,0.61,1.15,0.58,0.22,0.16
20,0.16,0.29,0.58,1.07,0.69,0.26,0.16,0.16,0.36,1.08,2.53,0.91,0.31,0.18,0.18,0.23,0.64,1.21,0.6,0.25,0.16
21,0.16,0.33,0.65,1.06,0.74,0.28,0.17,0.18,0.35,1.07,2.62,0.98,0.31,0.18,0.19,0.25,0.66,1.23,0.65,0.29,0.16
22,0.16,0.37,0.67,1.17,0.76,0.29,0.17,0.2,0.34,1.12,2.67,0.99,0.37,0.19,0.21,0.26,0.68,1.26,0.67,0.29,0.17
23,0.18,0.36,0.71,1.22,0.75,0.3,0.2,0.22,0.4,1.09,2.76,1.01,0.37,0.2,0.21,0.29,0.74,1.31,0.7,0.31,0.18
24,0.19,0.37,0.75,1.26,0.77,0.31,0.2,0.23,0.41,1.15,2.79,1.1,0.39,0.2,0.21,0.32,0.77,1.34,0.72,0.35,0.18
25,0.21,0.39,0.81,1.31,0.79,0.31,0.21,0.26,0.38,1.15,2.85,1.11,0.42,0.21,0.21,0.38,0.83,1.37,0.73,0.39,0.18
26,0.22,0.41,0.83,1.36,0.83,0.32,0.21,0.26,0.43,1.18,2.88,1.19,0.42,0.23,0.23,0.37,0.87,1.41,0.75,0.42,0.19
27,0.23,0.44,0.82,1.39,0.86,0.33,0.23,0.27,0.46,1.18,2.96,1.28,0.46,0.23,0.23,0.42,0.89,1.42,0.78,0.42,0.21
28,0.26,0.46,0.83,1.43,0.86,0.38,0.24,0.28,0.47,1.24,3.01,1.3,0.45,0.25,0.25,0.46,0.88,1.48,0.82,0.44,0.23
29,0.26,0.48,0.85,1.43,0.93,0.4,0.24,0.28,0.51,1.22,3.08,1.33,0.47,0.26,0.25,0.5,0.94,1.51,0.84,0.46,0.24
30,0.27,0.49,0.96,1.45,0.96,0.41,0.25,0.29,0.53,1.22,3.19,1.32,0.51,0.27,0.26,0.53,1,1.44,0.87,0.49,0.25
31,0.28,0.5,0.98,1.55,0.99,0.46,0.26,0.29,0.55,1.24,3.2,1.36,0.5,0.28,0.28,0.52,1.05,1.46,0.93,0.51,0.27
32,0.29,0.55,1.01,1.58,0.97,0.51,0.29,0.3,0.61,1.24,3.31,1.34,0.52,0.28,0.28,0.52,1.08,1.49,1,0.49,0.3
33,0.32,0.54,1.02,1.66,0.97,0.52,0.3,0.33,0.62,1.3,3.37,1.37,0.51,0.3,0.28,0.55,1.08,1.56,1,0.55,0.31
34,0.32,0.56,1.03,1.73,0.98,0.51,0.34,0.33,0.66,1.44,3.22,1.36,0.56,0.31,0.29,0.58,1.12,1.69,1.05,0.55,0.33
35,0.33,0.58,1.07,1.72,1.02,0.53,0.34,0.36,0.7,1.47,3.23,1.45,0.58,0.32,0.3,0.64,1.09,1.74,1.04,0.6,0.33
36,0.34,0.6,1.09,1.76,1.08,0.55,0.35,0.36,0.74,1.51,3.22,1.48,0.62,0.33,0.32,0.65,1.14,1.76,1.1,0.59,0.35
37,0.38,0.6,1.07,1.77,1.15,0.62,0.35,0.38,0.74,1.56,3.26,1.48,0.68,0.35,0.35,0.67,1.13,1.79,1.17,0.59,0.35
38,0.39,0.65,1.07,1.81,1.18,0.62,0.37,0.41,0.78,1.54,3.29,1.55,0.72,0.35,0.36,0.69,1.17,1.85,1.15,0.63,0.35
39,0.39,0.68,1.11,1.85,1.28,0.59,0.41,0.44,0.76,1.59,3.17,1.58,0.76,0.37,0.39,0.71,1.23,1.89,1.25,0.62,0.36
40,0.42,0.7,1.15,1.89,1.29,0.65,0.41,0.43,0.8,1.59,3.25,1.63,0.76,0.39,0.41,0.71,1.27,1.91,1.25,0.65,0.37
41,0.47,0.66,1.22,1.87,1.36,0.66,0.42,0.46,0.84,1.67,3.35,1.6,0.8,0.41,0.44,0.72,1.28,1.87,1.28,0.66,0.39
42,0.49,0.7,1.23,1.85,1.34,0.68,0.44,0.48,0.86,1.77,3.46,1.6,0.83,0.43,0.45,0.75,1.26,1.93,1.27,0.69,0.42
43,0.51,0.78,1.24,1.91,1.34,0.69,0.45,0.52,0.87,1.75,3.42,1.71,0.84,0.47,0.48,0.77,1.29,1.99,1.23,0.73,0.44
44,0.54,0.82,1.23,1.98,1.35,0.69,0.49,0.53,0.9,1.81,3.42,1.71,0.9,0.49,0.5,0.79,1.28,2.04,1.28,0.72,0.46
45,0.57,0.81,1.27,2.03,1.39,0.74,0.51,0.56,0.89,1.79,3.53,1.71,0.88,0.5,0.52,0.79,1.36,2.07,1.25,0.77,0.48
46,0.57,0.84,1.36,2.03,1.42,0.75,0.54,0.57,0.92,1.79,3.63,1.72,0.89,0.49,0.52,0.82,1.38,2.06,1.34,0.78,0.5
47,0.58,0.84,1.41,2.06,1.47,0.76,0.55,0.59,0.95,1.82,3.67,1.72,0.89,0.56,0.56,0.82,1.43,2.02,1.39,0.81,0.5
48,0.6,0.91,1.4,2.1,1.47,0.79,0.56,0.59,1,1.86,3.59,1.81,0.95,0.57,0.57,0.86,1.43,2.07,1.39,0.83,0.55
49,0.62,0.94,1.42,2.11,1.51,0.81,0.59,0.61,1.01,1.91,3.66,1.79,0.94,0.59,0.58,0.87,1.46,2.15,1.43,0.82,0.58
50,0.64,0.96,1.45,2.17,1.5,0.83,0.6,0.63,0.99,2,3.58,1.83,1.01,0.62,0.59,0.92,1.49,2.16,1.46,0.85,0.61
51,0.66,0.99,1.48,2.2,1.52,0.91,0.61,0.66,1.03,1.94,3.64,1.84,1.02,0.63,0.63,0.93,1.49,2.22,1.46,0.89,0.63
52,0.67,1,1.54,2.21,1.59,0.91,0.63,0.67,1.06,2,3.6,1.88,1.05,0.66,0.65,0.96,1.53,2.24,1.47,0.92,0.64
53,0.69,1,1.57,2.23,1.62,0.93,0.64,0.71,1.07,2.02,3.67,1.89,1.09,0.68,0.67,0.94,1.63,2.25,1.48,0.94,0.66
54,0.71,1.02,1.6,2.24,1.61,0.97,0.66,0.72,1.14,2.02,3.75,1.91,1.08,0.69,0.68,1.01,1.62,2.27,1.54,0.97,0.67
55,0.72,1.08,1.57,2.26,1.65,0.98,0.68,0.73,1.17,2.05,3.76,1.99,1.13,0.67,0.71,1.04,1.66,2.27,1.58,0.96,0.72
56,0.76,1.1,1.56,2.26,1.72,1.01,0.69,0.75,1.21,2.05,3.87,1.95,1.13,0.69,0.73,1.08,1.63,2.33,1.62,1.02,0.72
57,0.83,1.09,1.56,2.31,1.75,1.01,0.71,0.79,1.17,2.18,3.91,1.96,1.15,0.72,0.75,1.08,1.73,2.23,1.65,1.07,0.73
58,0.83,1.15,1.56,2.39,1.76,1.03,0.73,0.81,1.2,2.21,3.88,2.04,1.17,0.76,0.79,1.08,1.76,2.25,1.67,1.08,0.73
59,0.86,1.14,1.63,2.4,1.76,1.06,0.74,0.83,1.23,2.2,3.91,2.08,1.18,0.79,0.81,1.1,1.84,2.3,1.68,1.09,0.75
60,0.87,1.14,1.72,2.39,1.82,1.05,0.78,0.84,1.3,2.14,4.05,2.07,1.21,0.8,0.81,1.16,1.83,2.32,1.69,1.1,0.78
61,0.88,1.2,1.71,2.43,1.83,1.08,0.8,0.88,1.28,2.2,4.1,2.02,1.31,0.8,0.86,1.16,1.83,2.38,1.7,1.09,0.83
62,0.9,1.24,1.78,2.46,1.86,1.09,0.82,0.88,1.29,2.24,4.02,2.03,1.35,0.83,0.88,1.2,1.85,2.46,1.7,1.15,0.83
63,0.92,1.25,1.86,2.51,1.88,1.11,0.83,0.91,1.33,2.24,3.97,2.09,1.35,0.85,0.9,1.25,1.84,2.5,1.75,1.17,0.84
64,0.95,1.27,1.89,2.52,1.91,1.12,0.86,0.94,1.38,2.27,3.96,2.1,1.35,0.9,0.92,1.3,1.83,2.53,1.8,1.2,0.85
65,0.95,1.32,1.91,2.56,1.89,1.13,0.92,0.95,1.39,2.3,3.91,2.26,1.34,0.92,0.94,1.29,1.91,2.54,1.84,1.2,0.88
66,0.98,1.33,1.93,2.55,1.93,1.18,0.92,0.95,1.47,2.28,3.93,2.3,1.35,0.95,0.98,1.29,1.96,2.57,1.89,1.2,0.92
67,1,1.37,1.95,2.63,1.94,1.22,0.93,1.03,1.39,2.32,4.01,2.29,1.41,0.96,1,1.34,1.97,2.52,1.9,1.24,0.94
68,1.02,1.39,1.98,2.62,1.96,1.3,0.94,1.04,1.42,2.3,4.11,2.27,1.4,1.01,1.01,1.38,1.97,2.54,1.96,1.28,0.95
69,1.05,1.39,2.01,2.65,1.92,1.38,0.96,1.05,1.41,2.4,4.1,2.3,1.46,1.02,1.05,1.4,2.02,2.51,2,1.31,0.96
70,1.08,1.39,2.02,2.66,1.94,1.34,1.02,1.1,1.41,2.42,4.16,2.36,1.44,1.06,1.07,1.44,2.04,2.56,2.01,1.33,1
71,1.11,1.4,2.07,2.64,1.97,1.36,1.05,1.11,1.41,2.44,4.21,2.34,1.52,1.06,1.1,1.44,2.12,2.63,1.99,1.35,1.03
72,1.15,1.42,2.07,2.62,1.97,1.4,1.07,1.13,1.45,2.48,4.25,2.43,1.57,1.06,1.1,1.47,2.11,2.66,2.01,1.37,1.05
73,1.15,1.43,2.09,2.69,2.02,1.39,1.09,1.15,1.5,2.49,4.29,2.43,1.61,1.09,1.11,1.5,2.11,2.7,1.99,1.45,1.06
74,1.17,1.45,2.11,2.77,2.02,1.44,1.09,1.15,1.58,2.54,4.22,2.46,1.62,1.12,1.15,1.49,2.13,2.72,2.06,1.47,1.08
75,1.19,1.48,2.11,2.77,2.05,1.45,1.12,1.18,1.59,2.57,4.31,2.47,1.62,1.15,1.18,1.54,2.12,2.77,2.08,1.51,1.08
76,1.2,1.48,2.16,2.82,2.07,1.51,1.14,1.23,1.57,2.63,4.36,2.47,1.6,1.18,1.22,1.61,2.1,2.7,2.14,1.53,1.12
77,1.22,1.53,2.12,2.86,2.11,1.53,1.17,1.25,1.64,2.57,4.48,2.46,1.61,1.21,1.24,1.63,2.12,2.75,2.15,1.56,1.13
78,1.25,1.52,2.2,2.95,2.1,1.54,1.2,1.28,1.63,2.59,4.5,2.48,1.61,1.24,1.25,1.67,2.16,2.77,2.18,1.56,1.16
79,1.29,1.56,2.21,2.99,2.16,1.58,1.21,1.28,1.7,2.56,4.46,2.54,1.61,1.24,1.27,1.7,2.18,2.83,2.19,1.61,1.17
80,1.33,1.6,2.24,3.01,2.16,1.63,1.22,1.31,1.7,2.6,4.49,2.56,1.61,1.3,1.3,1.69,2.19,2.87,2.22,1.62,1.19
81,1.35,1.65,2.27,3.07,2.17,1.62,1.26,1.31,1.75,2.63,4.46,2.57,1.68,1.3,1.32,1.75,2.15,2.93,2.24,1.66,1.2
82,1.37,1.71,2.3,3.08,2.19,1.63,1.29,1.32,1.76,2.71,4.43,2.65,1.67,1.32,1.35,1.75,2.2,2.95,2.23,1.69,1.24
83,1.4,1.76,2.32,3.09,2.22,1.66,1.31,1.37,1.76,2.7,4.5,2.67,1.69,1.36,1.38,1.75,2.26,2.94,2.22,1.71,1.27
84,1.41,1.79,2.33,3.11,2.26,1.7,1.31,1.39,1.82,2.74,4.51,2.65,1.75,1.37,1.42,1.78,2.26,2.98,2.23,1.71,1.32
85,1.46,1.77,2.4,3.11,2.32,1.7,1.32,1.42,1.86,2.75,4.41,2.73,1.75,1.42,1.43,1.78,2.36,2.98,2.31,1.73,1.33
86,1.48,1.77,2.47,3.12,2.41,1.67,1.38,1.45,1.89,2.76,4.4,2.63,1.79,1.43,1.44,1.8,2.39,3.09,2.37,1.75,1.34
87,1.48,1.8,2.47,3.08,2.44,1.69,1.39,1.45,1.91,2.83,4.51,2.68,1.8,1.43,1.45,1.82,2.45,3.06,2.46,1.76,1.36
88,1.5,1.84,2.49,3.05,2.47,1.74,1.4,1.5,1.94,2.83,4.58,2.68,1.84,1.44,1.5,1.81,2.45,3.11,2.48,1.78,1.38
89,1.52,1.86,2.57,3.1,2.44,1.77,1.43,1.53,1.91,2.9,4.52,2.75,1.89,1.47,1.54,1.84,2.48,3.06,2.51,1.82,1.39
90,1.53,1.9,2.55,3.15,2.44,1.82,1.44,1.56,1.97,2.89,4.56,2.82,1.94,1.46,1.56,1.85,2.48,3.12,2.46,1.87,1.43
91,1.54,1.92,2.56,3.16,2.42,1.87,1.46,1.6,1.95,2.92,4.64,2.88,1.97,1.47,1.58,1.87,2.48,3.17,2.51,1.87,1.45
92,1.55,1.96,2.56,3.15,2.48,1.88,1.5,1.61,2.02,2.87,4.73,2.89,1.97,1.5,1.6,1.91,2.51,3.19,2.52,1.92,1.47
93,1.57,1.99,2.55,3.24,2.52,1.89,1.51,1.61,2.08,2.9,4.77,2.92,1.99,1.52,1.63,1.91,2.52,3.19,2.57,1.92,1.49
94,1.61,2,2.63,3.22,2.56,1.91,1.56,1.64,2.08,2.91,4.8,2.95,2.04,1.52,1.64,1.94,2.55,3.19,2.54,1.96,1.53
95,1.65,2.04,2.65,3.22,2.56,1.95,1.58,1.66,2.1,2.93,4.92,2.94,2.06,1.53,1.64,1.98,2.59,3.18,2.57,1.98,1.55
96,1.67,2.03,2.69,3.25,2.62,1.93,1.62,1.68,2.11,3.02,4.85,3,2.06,1.54,1.66,2,2.59,3.28,2.57,2.03,1.58
97,1.69,2.03,2.72,3.31,2.64,1.97,1.64,1.69,2.08,3.09,4.82,3.08,2.04,1.58,1.7,2.04,2.59,3.32,2.62,2.01,1.61
98,1.73,2.01,2.77,3.34,2.65,1.98,1.67,1.71,2.13,3.08,4.82,3.09,2.09,1.61,1.71,2.06,2.67,3.34,2.62,2.06,1.63
99,1.74,2.02,2.8,3.36,2.69,2.01,1.7,1.74,2.13,3.1,4.92,3.08,2.11,1.64,1.72,2.08,2.69,3.32,2.7,2.06,1.66
100,1.78,2.02,2.81,3.36,2.69,2.05,1.75,1.75,2.21,3.07,4.99,3.09,2.17,1.64,1.74,2.07,2.71,3.4,2.73,2.08,1.66
101,1.8,2.05,2.82,3.39,2.69,2.11,1.77,1.75,2.24,3.08,5,3.12,2.19,1.67,1.74,2.12,2.7,3.5,2.74,2.12,1.67
102,1.8,2.06,2.87,3.44,2.75,2.11,1.8,1.79,2.25,3.12,5.03,3.09,2.17,1.74,1.77,2.12,2.75,3.47,2.83,2.11,1.7
103,1.8,2.1,2.86,3.53,2.73,2.14,1.83,1.82,2.27,3.2,4.93,3.15,2.15,1.77,1.79,2.13,2.81,3.6,2.83,2.13,1.7
104,1.82,2.16,2.86,3.56,2.77,2.13,1.87,1.83,2.23,3.21,5.01,3.16,2.19,1.78,1.8,2.17,2.87,3.61,2.86,2.16,1.72
105,1.85,2.15,2.89,3.6,2.84,2.15,1.89,1.87,2.21,3.32,4.87,3.26,2.16,1.84,1.81,2.21,2.89,3.63,2.92,2.19,1.72
106,1.86,2.19,2.94,3.56,2.9,2.19,1.91,1.89,2.27,3.3,4.88,3.3,2.21,1.86,1.85,2.22,2.92,3.61,2.95,2.22,1.74
107,1.87,2.24,2.92,3.7,2.93,2.21,1.93,1.9,2.35,3.22,4.91,3.3,2.26,1.86,1.87,2.24,2.94,3.67,2.92,2.24,1.79
108,1.89,2.24,2.96,3.65,2.96,2.25,1.94,1.93,2.34,3.25,5.05,3.28,2.26,1.91,1.9,2.29,2.94,3.71,2.92,2.27,1.81
109,1.9,2.29,2.95,3.6,3.05,2.27,1.95,1.98,2.31,3.31,5.13,3.27,2.32,1.91,1.92,2.29,2.97,3.77,2.95,2.26,1.85
110,1.94,2.31,2.96,3.69,3.06,2.28,1.97,2,2.34,3.32,5.09,3.3,2.36,1.91,1.95,2.34,3.02,3.8,2.96,2.26,1.89
111,1.96,2.36,2.98,3.65,3.1,2.34,1.97,2.01,2.42,3.25,5.14,3.34,2.38,1.94,2,2.38,3.02,3.82,2.99,2.27,1.93
112,1.98,2.4,2.98,3.66,3.13,2.36,1.98,2.05,2.46,3.29,5.21,3.36,2.39,1.97,2.02,2.44,3.01,3.78,3,2.34,1.94
113,2.01,2.43,3.04,3.63,3.09,2.43,2,2.05,2.52,3.34,5.26,3.36,2.43,1.99,2.06,2.43,3.05,3.81,3,2.35,1.97
114,2.04,2.44,3.11,3.7,3.09,2.42,2.03,2.08,2.51,3.41,5.18,3.42,2.46,2.01,2.08,2.43,3.11,3.85,3.02,2.35,2.01
115,2.05,2.47,3.15,3.69,3.1,2.44,2.06,2.12,2.52,3.43,5.31,3.46,2.44,2.06,2.11,2.46,3.08,3.85,3.03,2.41,2.01
116,2.08,2.51,3.14,3.69,3.11,2.46,2.09,2.15,2.56,3.49,5.38,3.48,2.48,2.08,2.13,2.46,3.09,3.87,3.03,2.44,2.02
117,2.1,2.52,3.14,3.79,3.13,2.47,2.12,2.16,2.6,3.49,5.45,3.44,2.55,2.1,2.15,2.5,3.1,3.85,3.1,2.42,2.05
118,2.16,2.53,3.15,3.76,3.14,2.51,2.13,2.16,2.61,3.49,5.55,3.48,2.6,2.11,2.18,2.48,3.15,3.92,3.11,2.41,2.1
119,2.18,2.53,3.18,3.78,3.18,2.56,2.13,2.19,2.64,3.47,5.56,3.5,2.62,2.16,2.19,2.48,3.17,3.99,3.16,2.45,2.11
120,2.19,2.54,3.2,3.79,3.21,2.56,2.16,2.21,2.68,3.5,5.48,3.63,2.66,2.16,2.21,2.49,3.23,4.02,3.18,2.5,2.13
121,2.21,2.58,3.22,3.85,3.25,2.55,2.19,2.23,2.68,3.51,5.45,3.58,2.68,2.2,2.24,2.51,3.32,4.07,3.24,2.51,2.14
122,2.22,2.6,3.24,3.85,3.29,2.55,2.22,2.26,2.7,3.53,5.53,3.56,2.71,2.23,2.25,2.55,3.36,4.05,3.31,2.54,2.16
123,2.23,2.64,3.28,3.84,3.29,2.6,2.25,2.28,2.68,3.67,5.57,3.57,2.73,2.25,2.27,2.6,3.37,4.02,3.34,2.56,2.17
124,2.24,2.67,3.3,3.86,3.32,2.64,2.27,2.31,2.75,3.61,5.57,3.7,2.71,2.27,2.28,2.65,3.4,4.01,3.36,2.6,2.19
125,2.27,2.68,3.29,3.92,3.38,2.62,2.32,2.35,2.79,3.66,5.51,3.79,2.72,2.28,2.3,2.66,3.42,4.01,3.37,2.61,2.25
126,2.29,2.7,3.34,3.94,3.38,2.66,2.33,2.37,2.84,3.66,5.46,3.86,2.75,2.3,2.34,2.68,3.41,4.08,3.38,2.65,2.28
127,2.31,2.71,3.33,4.01,3.39,2.7,2.34,2.4,2.83,3.72,5.5,3.84,2.77,2.34,2.37,2.75,3.38,4.13,3.38,2.68,2.32
128,2.35,2.71,3.32,4.14,3.4,2.68,2.37,2.43,2.82,3.75,5.57,3.83,2.81,2.37,2.38,2.77,3.43,4.11,3.4,2.73,2.33
129,2.38,2.73,3.35,4.15,3.43,2.72,2.38,2.44,2.86,3.83,5.66,3.82,2.81,2.42,2.44,2.77,3.43,4.08,3.38,2.79,2.33
130,2.42,2.75,3.39,4.14,3.46,2.81,2.4,2.44,2.88,3.79,5.68,3.84,2.83,2.42,2.48,2.77,3.45,4.18,3.39,2.8,2.36
131,2.43,2.84,3.42,4.16,3.5,2.82,2.42,2.48,2.87,3.83,5.64,3.84,2.87,2.47,2.51,2.81,3.46,4.18,3.43,2.8,2.4
132,2.45,2.87,3.47,4.12,3.58,2.88,2.44,2.5,2.89,3.79,5.76,3.77,2.89,2.51,2.52,2.85,3.52,4.16,3.5,2.79,2.42
133,2.47,2.89,3.52,4.13,3.59,2.91,2.45,2.5,2.94,3.82,5.72,3.86,2.92,2.5,2.53,2.9,3.55,4.18,3.51,2.83,2.44
134,2.49,2.9,3.56,4.21,3.62,2.93,2.47,2.52,2.99,3.84,5.82,3.8,2.94,2.53,2.52,2.93,3.56,4.2,3.52,2.83,2.48
135,2.53,2.9,3.58,4.22,3.65,2.97,2.48,2.53,3,3.9,5.84,3.87,2.96,2.58,2.55,2.94,3.59,4.19,3.51,2.84,2.53
136,2.56,2.91,3.58,4.21,3.71,2.97,2.5,2.56,3.08,3.91,5.82,3.89,2.98,2.6,2.56,2.95,3.62,4.28,3.54,2.87,2.56
137,2.57,2.94,3.61,4.29,3.7,2.98,2.54,2.57,3.08,3.97,5.81,3.92,3.02,2.61,2.57,2.96,3.65,4.34,3.56,2.89,2.58
138,2.59,2.96,3.62,4.29,3.74,2.99,2.57,2.61,3.1,4.01,5.88,3.96,3.03,2.63,2.57,2.99,3.67,4.37,3.59,2.88,2.6
139,2.61,2.97,3.65,4.31,3.77,2.99,2.6,2.62,3.13,4.04,5.93,4.01,3.05,2.65,2.57,3.04,3.7,4.39,3.58,2.91,2.63
140,2.62,2.99,3.69,4.38,3.79,2.99,2.63,2.63,3.14,4.02,5.99,4.02,3.09,2.66,2.64,3.03,3.73,4.42,3.62,2.93,2.63
141,2.63,3,3.8,4.33,3.82,3.04,2.63,2.66,3.16,4.04,5.94,4.06,3.11,2.7,2.68,3.05,3.73,4.51,3.61,2.99,2.65
142,2.63,3.04,3.81,4.37,3.82,3.05,2.65,2.69,3.14,4.04,6.04,4.1,3.14,2.69,2.68,3.1,3.78,4.54,3.62,3.03,2.67
143,2.68,3.04,3.83,4.37,3.82,3.09,2.68,2.72,3.16,4.09,6.03,4.15,3.16,2.72,2.71,3.15,3.78,4.58,3.64,3.03,2.7
144,2.72,3.05,3.87,4.36,3.84,3.13,2.68,2.72,3.17,4.12,6.05,4.17,3.19,2.76,2.73,3.2,3.76,4.67,3.69,3.02,2.73
145,2.73,3.11,3.82,4.44,3.81,3.17,2.73,2.75,3.21,4.15,6.08,4.08,3.26,2.76,2.75,3.22,3.82,4.7,3.74,3.03,2.77
146,2.73,3.18,3.79,4.51,3.81,3.21,2.75,2.76,3.22,4.24,6.06,4.14,3.27,2.79,2.75,3.22,3.88,4.68,3.77,3.08,2.79
147,2.78,3.15,3.86,4.53,3.88,3.21,2.77,2.77,3.25,4.28,6.13,4.16,3.25,2.81,2.78,3.24,3.91,4.64,3.81,3.1,2.81
148,2.79,3.18,3.86,4.56,3.93,3.23,2.78,2.79,3.29,4.23,6.27,4.18,3.28,2.83,2.82,3.24,3.91,4.65,3.83,3.13,2.83
149,2.81,3.22,3.91,4.62,3.97,3.21,2.82,2.81,3.31,4.23,6.3,4.19,3.35,2.84,2.84,3.23,3.97,4.63,3.86,3.14,2.85
150,2.84,3.29,3.91,4.61,4,3.24,2.83,2.83,3.29,4.27,6.33,4.25,3.36,2.85,2.88,3.3,3.91,4.7,3.85,3.22,2.85
151,2.88,3.28,3.96,4.64,4.02,3.26,2.86,2.84,3.34,4.31,6.32,4.3,3.37,2.88,2.91,3.32,3.94,4.7,3.85,3.25,2.88
152,2.89,3.29,4,4.66,4.06,3.22,2.92,2.85,3.4,4.38,6.29,4.36,3.36,2.91,2.94,3.32,4.03,4.64,3.91,3.26,2.91
153,2.92,3.31,3.98,4.68,4.06,3.26,2.94,2.89,3.42,4.44,6.38,4.35,3.41,2.94,2.97,3.33,4.04,4.64,3.93,3.27,2.94
154,2.97,3.32,3.98,4.72,4.03,3.33,2.97,2.93,3.41,4.49,6.33,4.41,3.42,2.97,2.98,3.35,4.09,4.68,3.91,3.36,2.95
155,2.98,3.33,4.03,4.69,4.09,3.31,3.02,2.95,3.52,4.54,6.32,4.37,3.46,3,3,3.42,4.02,4.69,4.01,3.36,2.99
156,3.02,3.33,4.09,4.72,4.04,3.41,3.04,2.99,3.54,4.54,6.34,4.4,3.49,3,3.02,3.43,4.08,4.7,3.97,3.44,3.01
157,3.03,3.35,4.15,4.77,4.07,3.46,3.05,3.02,3.51,4.61,6.34,4.44,3.48,3.02,3.08,3.4,4.11,4.75,3.98,3.4,3.08
158,3.06,3.39,4.17,4.79,4.1,3.49,3.06,3.06,3.5,4.7,6.3,4.44,3.53,3.06,3.08,3.45,4.16,4.69,4.04,3.45,3.08
159,3.09,3.43,4.21,4.74,4.17,3.47,3.1,3.08,3.54,4.67,6.35,4.52,3.54,3.09,3.12,3.44,4.21,4.71,4.06,3.44,3.12
160,3.1,3.49,4.26,4.8,4.14,3.52,3.11,3.1,3.54,4.64,6.38,4.5,3.59,3.13,3.14,3.47,4.21,4.79,4.09,3.44,3.16
161,3.11,3.49,4.3,4.8,4.16,3.55,3.13,3.12,3.57,4.64,6.41,4.53,3.63,3.15,3.15,3.51,4.25,4.8,4.14,3.47,3.17
162,3.13,3.53,4.26,4.84,4.22,3.57,3.15,3.14,3.62,4.68,6.51,4.48,3.63,3.2,3.15,3.57,4.26,4.81,4.17,3.49,3.17
163,3.14,3.59,4.27,4.85,4.28,3.59,3.16,3.17,3.64,4.69,6.46,4.58,3.68,3.21,3.18,3.57,4.28,4.83,4.2,3.51,3.18
164,3.2,3.56,4.29,4.94,4.24,3.65,3.19,3.19,3.71,4.57,6.54,4.64,3.64,3.23,3.22,3.59,4.29,4.88,4.2,3.57,3.22
165,3.21,3.64,4.25,4.99,4.33,3.67,3.19,3.21,3.73,4.62,6.58,4.64,3.66,3.24,3.23,3.62,4.3,4.89,4.22,3.59,3.25
166,3.25,3.69,4.22,5.02,4.36,3.69,3.22,3.24,3.73,4.58,6.6,4.75,3.68,3.25,3.25,3.62,4.35,4.92,4.27,3.6,3.27
167,3.25,3.73,4.22,5.06,4.4,3.7,3.26,3.31,3.71,4.68,6.54,4.73,3.77,3.25,3.28,3.64,4.38,4.92,4.3,3.63,3.29
168,3.28,3.74,4.22,5.1,4.44,3.73,3.28,3.31,3.77,4.77,6.47,4.72,3.77,3.27,3.31,3.67,4.38,4.98,4.33,3.69,3.31
169,3.3,3.79,4.25,5.06,4.41,3.78,3.29,3.33,3.75,4.81,6.53,4.77,3.75,3.33,3.34,3.7,4.37,5.09,4.36,3.71,3.32
170,3.3,3.82,4.29,5.08,4.46,3.76,3.34,3.34,3.79,4.81,6.54,4.78,3.77,3.38,3.37,3.76,4.34,5.17,4.39,3.69,3.36
171,3.33,3.78,4.35,5.14,4.46,3.81,3.36,3.39,3.77,4.81,6.56,4.72,3.86,3.38,3.39,3.78,4.39,5.26,4.4,3.71,3.39
172,3.38,3.73,4.48,5.12,4.48,3.83,3.37,3.41,3.86,4.82,6.57,4.77,3.83,3.41,3.42,3.78,4.4,5.3,4.45,3.72,3.41
173,3.38,3.78,4.49,5.17,4.49,3.83,3.41,3.43,3.89,4.85,6.52,4.88,3.83,3.43,3.43,3.79,4.46,5.33,4.48,3.75,3.42
174,3.41,3.81,4.48,5.22,4.55,3.84,3.42,3.43,3.92,4.87,6.66,4.87,3.85,3.44,3.46,3.81,4.53,5.24,4.51,3.79,3.43
175,3.45,3.78,4.52,5.23,4.55,3.85,3.46,3.49,3.92,4.89,6.72,4.93,3.84,3.49,3.46,3.88,4.51,5.26,4.54,3.79,3.47
176,3.46,3.83,4.54,5.28,4.54,3.9,3.47,3.52,3.96,4.92,6.75,4.9,3.92,3.49,3.47,3.92,4.52,5.25,4.59,3.81,3.49
177,3.48,3.84,4.54,5.33,4.56,3.96,3.48,3.53,3.95,4.96,6.74,4.94,3.98,3.5,3.47,3.94,4.63,5.24,4.59,3.87,3.5
178,3.53,3.81,4.6,5.39,4.58,4,3.49,3.52,4.02,4.99,6.82,4.95,4.01,3.51,3.51,3.94,4.63,5.23,4.56,3.94,3.5
179,3.55,3.89,4.56,5.4,4.6,4,3.53,3.56,4.02,5,6.84,5.03,4.03,3.54,3.55,3.97,4.66,5.23,4.57,3.97,3.53
180,3.58,3.87,4.64,5.38,4.65,4.04,3.55,3.59,4.07,5.05,6.81,5.01,4.04,3.58,3.56,4.01,4.65,5.22,4.67,3.99,3.57
181,3.63,3.9,4.63,5.42,4.67,4.04,3.58,3.62,4.07,4.99,6.96,5,4.08,3.59,3.56,4.04,4.68,5.24,4.71,4.03,3.59
182,3.63,3.94,4.7,5.37,4.68,4.06,3.62,3.63,4.11,5.02,7.02,5.01,4.1,3.63,3.62,4.07,4.71,5.23,4.7,4.09,3.59
183,3.63,4.07,4.7,5.41,4.7,4.09,3.63,3.64,4.12,5.06,6.97,5.05,4.14,3.63,3.65,4.08,4.73,5.28,4.75,4.08,3.61
184,3.65,4.09,4.71,5.41,4.77,4.08,3.67,3.67,4.11,5.13,6.89,5.17,4.15,3.66,3.71,4.07,4.69,5.41,4.73,4.11,3.63
185,3.68,4.08,4.79,5.39,4.78,4.1,3.69,3.69,4.17,5.16,6.88,5.16,4.22,3.67,3.75,4.07,4.7,5.48,4.8,4.09,3.66
186,3.71,4.1,4.76,5.45,4.79,4.15,3.7,3.73,4.18,5.2,6.94,5.17,4.23,3.71,3.75,4.1,4.79,5.38,4.83,4.14,3.69
187,3.75,4.1,4.8,5.53,4.84,4.16,3.73,3.76,4.23,5.14,7,5.16,4.25,3.72,3.76,4.17,4.79,5.38,4.87,4.12,3.74
188,3.77,4.17,4.77,5.54,4.88,4.16,3.76,3.81,4.21,5.24,6.92,5.23,4.26,3.75,3.79,4.19,4.82,5.43,4.9,4.11,3.77
189,3.81,4.18,4.82,5.48,4.89,4.2,3.77,3.83,4.25,5.29,6.99,5.27,4.24,3.79,3.81,4.22,4.83,5.48,4.88,4.14,3.81
190,3.85,4.18,4.87,5.52,4.87,4.22,3.8,3.87,4.25,5.29,7.06,5.29,4.22,3.84,3.87,4.18,4.91,5.46,4.92,4.16,3.84
191,3.86,4.22,4.9,5.54,4.89,4.2,3.84,3.89,4.26,5.32,7.03,5.37,4.24,3.88,3.9,4.19,4.9,5.57,4.94,4.17,3.86
192,3.9,4.22,4.95,5.57,4.93,4.23,3.85,3.9,4.29,5.32,7.11,5.3,4.28,3.92,3.91,4.21,4.97,5.57,4.99,4.17,3.88
193,3.92,4.23,4.99,5.61,4.98,4.21,3.9,3.93,4.34,5.32,7.05,5.35,4.31,3.91,3.93,4.24,4.97,5.68,4.96,4.23,3.91
194,3.97,4.2,5,5.65,4.99,4.23,3.93,3.94,4.39,5.34,7.16,5.4,4.31,3.93,3.95,4.25,4.99,5.69,4.94,4.25,3.95
195,3.99,4.21,5.04,5.59,5.02,4.24,3.96,3.96,4.42,5.35,7.31,5.47,4.31,3.96,3.98,4.29,4.96,5.72,4.92,4.27,3.97
196,4.01,4.31,4.97,5.65,5.04,4.28,3.96,3.99,4.42,5.43,7.36,5.46,4.3,4,3.99,4.34,4.95,5.75,4.95,4.29,3.99
197,4.01,4.34,5.02,5.67,5.08,4.33,3.97,4.03,4.5,5.4,7.35,5.47,4.35,4.01,4,4.35,5.01,5.77,4.96,4.29,4.03
198,4.05,4.35,5.08,5.7,5.09,4.35,4,4.05,4.53,5.47,7.28,5.57,4.37,4.03,4.06,4.39,5.01,5.7,5.01,4.31,4.04
199,4.08,4.34,5.13,5.7,5.12,4.37,4.02,4.07,4.53,5.5,7.25,5.52,4.44,4.07,4.12,4.39,5.07,5.8,5.03,4.34,4.05
200,4.09,4.35,5.18,5.79,5.13,4.38,4.05,4.11,4.54,5.48,7.31,5.56,4.48,4.09,4.14,4.41,5.15,5.75,4.98,4.4,4.07
